2.733833720390562577e-02 1.831902423480450542e-02 2.668179017082741508e-02 8.597115904455989929e-03 2.575632167633763389e-02 1.276954817820380172e-01 7.455768378268129264e-03 1.900075048989461821e-02 4.859839912328896977e-02 3.093538870492497719e-02
3.393890269372903945e-02 2.455366388896251112e-02 1.212153938860533429e-02 7.515605665665125307e-03 2.507994282815593362e-02 4.097804377877858895e-02 1.045073953101806688e-02 3.005588621891523357e-02 5.450604598889674524e-02 4.204142963358897811e-02
3.906100466508303365e-02 3.486780233943061191e-02 1.034220274773979022e-02 7.025508631206767163e-03 2.759905346872678147e-02 2.265427428810503491e-02 1.711726346808379456e-02 2.808858874492323535e-02 4.400140776918598506e-02 3.569025307939121400e-02
4.597644513358929014e-02 3.421833079683237605e-02 1.768624371273435497e-02 1.030763472251696074e-02 2.222162180667962630e-02 2.870545100320104695e-02 2.058142291969937768e-02 3.012775679227368622e-02 3.899742821117033187e-02 4.451926048070471709e-02
5.268893151768384159e-02 2.805144516536069513e-02 1.591122405003597695e-02 8.616643512694623086e-03 2.456844888078551364e-02 3.395488305656411965e-02 2.361797192592274275e-02 2.681969603328066692e-02 4.478113613731452697e-02 2.961470818698999294e-02
4.595081208091171543e-02 2.820699478291808018e-02 1.834291447613631276e-02 1.297994378924982942e-02 2.707713688143632141e-02 3.541449272739212450e-02 2.690387674246333405e-02 2.114277343659244981e-02 4.600934504122284469e-02 2.654837469768850378e-02
4.550281635321404977e-02 3.538132415711394557e-02 2.492160591126660676e-02 1.379210527931083036e-02 3.639319508535407421e-02 4.331711277266918347e-02 2.343309608805003996e-02 2.364851015478195220e-02 5.656981460435214076e-02 3.707835981734941555e-02
4.606683370110731257e-02 3.154818417844814510e-02 2.030897517752492873e-02 1.582769323156630811e-02 2.883232271476636466e-02 4.892771181654088225e-02 2.683155492944183304e-02 2.819342691645220292e-02 4.237612251907742211e-02 4.607260454990720622e-02
4.159134652099664986e-02 2.925215014279226172e-02 2.073949148273807400e-02 2.119765120507291836e-02 2.758393214084529574e-02 4.819704812830551133e-02 3.061711263780198325e-02 2.912732452188348739e-02 4.138346160455655398e-02 4.598543839134484890e-02
3.842109044503641546e-02 2.971788773269465680e-02 2.156483012338018465e-02 3.729151288320103202e-02 3.133931847584009445e-02 6.029296912064398273e-02 2.867216301377101956e-02 3.301213024447711974e-02 4.608718677130781149e-02 5.341703725486415810e-02
4.402381708558727319e-02 3.315968518745023713e-02 2.634459513310036249e-02 3.483380575458713824e-02 3.747579883894620878e-02 5.896682101309037860e-02 2.770883427577559496e-02 3.934426188642473066e-02 5.310204981842549937e-02 5.108409376749065145e-02
5.020218109990975258e-02 3.779467681754659913e-02 2.940246515105530978e-02 3.014157332760378574e-02 4.457205416081424371e-02 5.733236148344723199e-02 3.098767955353493725e-02 4.719405006764385707e-02 5.253217217566583802e-02 4.952153563357063887e-02
5.808635720235740679e-02 4.413581913489794673e-02 3.263244716150216773e-02 3.313080686934333913e-02 5.033472443234548316e-02 5.944245073395285767e-02 3.412050586729645230e-02 5.562029020097902093e-02 6.130599470386779298e-02 4.629543558523988717e-02
5.823628120101854988e-02 4.394382835906616991e-02 3.926228883734529662e-02 3.516369737535721823e-02 4.616319656408921640e-02 4.641931482548582871e-02 3.915064727487870683e-02 5.694077802218372453e-02 7.321788173461489524e-02 4.460615768118302016e-02
4.779639838644977184e-02 4.511342975433960817e-02 4.351026498903409756e-02 4.179036539810782047e-02 4.018875570478080278e-02 5.135667203809903686e-02 4.130493794934721186e-02 5.510084061730839006e-02 7.092207907176467652e-02 4.857214980230450257e-02
4.445397581109603730e-02 4.570316244536112849e-02 4.885333374075059160e-02 4.170575502601089890e-02 4.748707381817936224e-02 6.407108791384666380e-02 4.318069837710745290e-02 5.797057741966910732e-02 6.644049497329444776e-02 4.186042991063448210e-02
5.445227049592019086e-02 4.958752556990330546e-02 5.444479876546177988e-02 4.065295313048002124e-02 5.723907439868461400e-02 6.251242466269649189e-02 5.093044576181200711e-02 5.819472600793484246e-02 7.735004341112410031e-02 4.618535274559765896e-02
5.395855720447184645e-02 5.936445140924330455e-02 5.718942532748010760e-02 4.927916290284496681e-02 5.812490758948474223e-02 6.616624888390527925e-02 5.762402453694590032e-02 5.714537828385955059e-02 8.288861100626962464e-02 6.035757474767144970e-02
6.370187735747029345e-02 6.023412053909777547e-02 6.243884002438621766e-02 6.461898914506956915e-02 6.212914077223155584e-02 7.754956982832002244e-02 6.798682208790615689e-02 6.512284088180442243e-02 9.037274863926769708e-02 5.945112454397497720e-02
7.555340770351216817e-02 6.475018750559381753e-02 7.149413388616841780e-02 6.844337665267434534e-02 7.848956097718783054e-02 8.219093115589398701e-02 7.024099708210809756e-02 7.250259174254447547e-02 8.282972997919592351e-02 6.219093755919446326e-02
8.354167244224189326e-02 7.550903024219370041e-02 7.159276951659408750e-02 7.699030281595635461e-02 8.673928565210356489e-02 8.688679858225425989e-02 7.721057692870751665e-02 8.145347918345705041e-02 8.529030352879540811e-02 7.716071874222643623e-02
9.682991537657766046e-02 8.067335359615848689e-02 7.553024358545089301e-02 8.421397792139054261e-02 8.476889010402048619e-02 9.895617252839286615e-02 7.655124900379313424e-02 8.796471158032966031e-02 8.542768991001978285e-02 7.840154455668747746e-02
1.236155380099160095e-01 9.337631580593099001e-02 7.979401635631919176e-02 9.785804690349240997e-02 9.514522542718102660e-02 1.067147165768219802e-01 8.277096383250234779e-02 9.868292673870668330e-02 9.284288185318684272e-02 8.355210210826345685e-02
1.384716355680307154e-01 1.177326447697184669e-01 9.484933785697079178e-02 1.081480208750860705e-01 9.959545286290140409e-02 1.061058229955905291e-01 1.100195651055020651e-01 1.123081417895397532e-01 1.067134615169313128e-01 9.144806862650814439e-02
1.392423702808688046e-01 1.153328083230176215e-01 1.123560537229078699e-01 1.330050021927692283e-01 1.201319279907610976e-01 1.316698417165746426e-01 1.209565360263476358e-01 1.224471692322775113e-01 1.204562312244966266e-01 1.119537134135863837e-01
1.452516355489866517e-01 1.095758289334618080e-01 1.249102782605118617e-01 1.372148369848628924e-01 1.467209295541891945e-01 1.412835455060007517e-01 1.300548378250219739e-01 1.481686084313993956e-01 1.322597838153751482e-01 1.427296505770951351e-01
1.629669088826894152e-01 1.263500210034339266e-01 1.408379704751347161e-01 1.557249773714651508e-01 1.661968506164820392e-01 1.734727791405283326e-01 1.712055004683994130e-01 1.652477296288601405e-01 1.448611931265266217e-01 1.614086162804065083e-01
2.134895908486394434e-01 1.628489454243978451e-01 1.693016757556438101e-01 1.764904197602864822e-01 2.041444597245672399e-01 2.066249346716860780e-01 1.879884176450032363e-01 1.646431587561831833e-01 1.717162056313746576e-01 1.758973218244842540e-01
2.196700763529209344e-01 1.855084637802874858e-01 1.844726309146163534e-01 2.219816545381307349e-01 2.069224680253597404e-01 2.053775329659789928e-01 1.869712390729388884e-01 1.699871487440832440e-01 2.123396509203371030e-01 2.051039160545161388e-01
2.167928540190890430e-01 2.330232649703787018e-01 1.823698524296805679e-01 2.310206512709876980e-01 2.192375349955040242e-01 2.174496420130830054e-01 2.094874716308763596e-01 2.130241796210676497e-01 2.369558549658638824e-01 2.380895724966188010e-01
2.897671274607349079e-01 2.594138871819019476e-01 2.206642029666349980e-01 2.578586113839661520e-01 2.756672081083101356e-01 2.423529841385398953e-01 2.411460621598640608e-01 2.418824283319677415e-01 2.247705435034345611e-01 2.353480573813804821e-01
2.747743356244331525e-01 2.878810935576552321e-01 2.607871680564555761e-01 2.727333093356004157e-01 3.158318946840145136e-01 2.828778470916642473e-01 2.723076316677326414e-01 2.736410662825489726e-01 2.467166318276538817e-01 2.785180174292088973e-01
2.900136162562005904e-01 3.180773658558530559e-01 3.089668722271447510e-01 3.162888572704183887e-01 3.326889425215722174e-01 3.477849672728269836e-01 3.046556716256269004e-01 2.822309720486593232e-01 2.803705387125888793e-01 3.175757383682736856e-01
3.031756711640847812e-01 3.858537788251795719e-01 3.419380449836442182e-01 3.286792066091200892e-01 3.182433288570775676e-01 3.671640322422061176e-01 3.537019658195946215e-01 3.206839750594139837e-01 3.524597094237116868e-01 3.414258951568540645e-01
3.502415285617705987e-01 4.158695713216588041e-01 4.212254869858622630e-01 3.626591558498146184e-01 3.634980283640104060e-01 4.341620138481112057e-01 3.821224290152738234e-01 3.732550013948970902e-01 4.204162856368677259e-01 3.702651323018711360e-01
3.709459124414783426e-01 4.104137598287262434e-01 5.025862514741287201e-01 4.183726211853265875e-01 4.260610914236412916e-01 5.006334090379671586e-01 4.330248712320821092e-01 3.720134270883670990e-01 4.296232143448076024e-01 4.065093695975752763e-01
4.105390206936695430e-01 4.484228430732541404e-01 5.050102035518651000e-01 4.471208739584841552e-01 5.261067925679362434e-01 5.387530043973810523e-01 4.764222863649499318e-01 4.275154410900515733e-01 4.483859929795910304e-01 4.388650958506460364e-01
4.556607788138659076e-01 5.168666587424411984e-01 5.520707987498296720e-01 5.091456977695514308e-01 5.227725552076689652e-01 5.199864225144900098e-01 5.177646891277111196e-01 5.385172806905911269e-01 5.575568497406868662e-01 4.923416595786381245e-01
4.855822068328835006e-01 5.715560890951846273e-01 6.033830169969254253e-01 5.566184165643749404e-01 5.530957542357891610e-01 5.136938290242876182e-01 6.168093862017260953e-01 6.125625006886198376e-01 6.238995854854264556e-01 5.595975791355448647e-01
5.568663657013246393e-01 6.189574704568724384e-01 6.633806710241466620e-01 6.061033054828622868e-01 6.392939800240199366e-01 6.033957271374923437e-01 7.144526945555960129e-01 6.225048874947965993e-01 6.720974996057103024e-01 5.463353546009823702e-01
6.355915710698364363e-01 6.904616662320671727e-01 6.948732397354092649e-01 7.099668712751240340e-01 7.191375544118445706e-01 6.890653739933769728e-01 6.684296152256772316e-01 7.234754316121025930e-01 6.751726780711946319e-01 6.695141874169007190e-01
6.572651576205252866e-01 7.436732322208551293e-01 8.090572539795997109e-01 7.742397369325345613e-01 7.153650677606183672e-01 7.562721901572733163e-01 7.056540386232882378e-01 7.811080719196601407e-01 6.955366983336197517e-01 7.502224057191939632e-01
6.982702822864187420e-01 8.431011916427714192e-01 8.083645895740081411e-01 7.759056265604225011e-01 7.825880877538168301e-01 8.333173748976623330e-01 7.968709956646912174e-01 7.912942809431567914e-01 7.857764325609430944e-01 8.879612535424779018e-01
7.663994071659844254e-01 8.433387867045446518e-01 8.817835183363823548e-01 8.725248001071076454e-01 8.453007531448912815e-01 9.229581035714553572e-01 8.733807468715785172e-01 9.422777983405713487e-01 8.323043654967731131e-01 9.023375977873163700e-01
9.207522887127975730e-01 8.986508948775566719e-01 9.341802454992292892e-01 9.690937625776311348e-01 9.643890589551569192e-01 1.015826878120325238e+00 8.681526979884131023e-01 1.055036748133349134e+00 8.680770427611793627e-01 9.608129564119698429e-01
9.283543960303026754e-01 1.051589570857696110e+00 9.671384332122301419e-01 1.024348033915423395e+00 9.807792752736513853e-01 1.091692194180994724e+00 9.492690213182699566e-01 1.025487240334567174e+00 9.656484367420352655e-01 9.920531273952134521e-01
1.009132306654212163e+00 1.070653050158449915e+00 1.083849966319671010e+00 1.012361199677286550e+00 1.075273985812877475e+00 1.053169410071757905e+00 1.019673434971006820e+00 1.085250830345796613e+00 1.116183561133688107e+00 1.063417991608793578e+00
1.038010205185182278e+00 1.055166750294990852e+00 1.192341685992222233e+00 1.042493428623433305e+00 1.191950788233508529e+00 1.081804860716538474e+00 1.119978054713337778e+00 1.091495126159037765e+00 1.216229579510874848e+00 1.105801810254029904e+00
