3.880760450485995494e-02 5.468534693293821553e-02 3.078613701955457485e-02 4.577485997012159524e-02 1.895497368281517936e-02 3.440494304737906628e-02 5.753400490507516035e-02 2.450245299537329863e-02 3.778979949535880151e-02 6.722643877468519047e-02
3.617311987716771704e-02 5.607865112869193230e-02 3.372735791517404713e-02 4.612351355739073566e-02 1.952546999290670493e-02 3.112878631365580823e-02 6.137933101356499166e-02 2.387749469696861387e-02 3.797908528253816918e-02 6.644096066818597213e-02
3.826069421412323091e-02 5.390076689934374110e-02 3.524814901200199607e-02 4.303033307817125119e-02 2.005085651893726006e-02 3.121470091023108989e-02 6.179486808382093910e-02 2.536177711122163114e-02 3.460374598079662967e-02 6.820780972700393741e-02
3.770655658268128735e-02 5.645020183298901650e-02 3.597702148358582902e-02 4.222929582507730512e-02 1.978427117976589572e-02 3.274545951478279732e-02 5.878354551831807551e-02 2.613550644202541212e-02 3.503621541287490343e-02 7.145385557118989761e-02
3.952481463275044765e-02 5.880969543423267970e-02 3.666329107349916572e-02 4.451237173390850538e-02 2.245173057836759994e-02 3.159594993839429794e-02 6.249595403682043498e-02 2.790372468309369053e-02 3.822139481865063221e-02 6.790752555564404103e-02
3.948664043795910294e-02 5.968205270237553900e-02 3.593865356362875574e-02 4.794579325732484243e-02 2.537687238879718019e-02 3.345951977798442695e-02 6.339887265056969035e-02 3.062363736696614019e-02 4.030045154905690513e-02 6.307723380224820875e-02
4.178757797311971611e-02 6.051797177968392533e-02 4.028042530171536267e-02 4.849061108805421960e-02 2.770189771294664233e-02 3.864703002242389496e-02 6.701651109587380972e-02 3.276730727628084094e-02 4.133802360394044778e-02 6.743066923200838336e-02
4.327752392891066890e-02 5.698576079974518316e-02 4.567195921688421700e-02 5.256894092611306274e-02 3.152857928790414599e-02 4.091264796418678934e-02 6.662906685681270480e-02 3.508083332443132085e-02 4.534376375745342164e-02 7.157160921830985068e-02
4.779163403969819562e-02 6.423695725303810167e-02 4.822313688847994911e-02 5.407850969414203929e-02 3.731725249410092898e-02 4.493310766363217690e-02 6.788630534925899074e-02 4.228346045684687471e-02 5.086672345306564313e-02 7.804374814744319266e-02
5.249535141098893992e-02 7.197890832509457049e-02 5.345924527576411539e-02 5.776211030676357133e-02 4.412982824223727479e-02 4.914435103425553175e-02 7.128989399970851737e-02 4.393016329667250031e-02 5.187959858562397192e-02 7.405791144359026579e-02
5.562404309283048437e-02 8.021266939717219824e-02 5.853883965960999386e-02 6.337571157430584023e-02 5.184179452113127362e-02 5.274675621918648721e-02 7.134855953781840676e-02 5.305624556390650670e-02 5.324434791283245288e-02 7.871082006409851894e-02
6.624690271749306136e-02 8.904251974963410532e-02 6.528480414097159734e-02 6.844111084607797102e-02 6.271933617175665110e-02 6.614493188296473314e-02 7.579986760156848247e-02 6.727999197432495138e-02 6.490153309789079006e-02 8.387205246602234820e-02
7.330054546329675680e-02 8.803133690489495233e-02 7.175819998387762688e-02 8.311297006933401899e-02 7.115721656925225180e-02 7.657878667651789317e-02 8.533787663019604119e-02 7.235449785135363021e-02 7.312320371105932026e-02 8.853056790101676565e-02
8.101620675743290145e-02 8.737985830429541301e-02 8.808842698406334215e-02 9.452214264592577464e-02 7.923239561479780702e-02 7.970172376064794950e-02 9.250260121304758332e-02 8.429124608351748482e-02 7.731860951366986701e-02 9.857753251395362515e-02
9.395673272282120680e-02 1.059374769943001449e-01 9.566433449997130412e-02 1.021310388825442117e-01 9.873403921364172497e-02 8.267109993338422891e-02 1.137271698942381309e-01 9.731827071346110802e-02 8.894283211234094155e-02 1.150821780458254340e-01
1.061542535831219020e-01 1.179383657576569266e-01 1.115720454283642971e-01 1.055671067364226806e-01 9.860266025388779443e-02 1.051343910356328654e-01 1.120336488216819582e-01 1.118922788513766198e-01 1.033321690149348882e-01 1.269541395058486344e-01
1.184070452657688399e-01 1.325827520692434980e-01 1.264771982934456140e-01 1.062273540810950295e-01 1.138015392615421839e-01 1.137199524341772905e-01 1.300857504700768386e-01 1.316436158377523313e-01 1.205741035264801392e-01 1.275664914646804371e-01
1.384592192491865548e-01 1.530431814158817183e-01 1.440545815131727136e-01 1.197453241175552019e-01 1.359071119285440443e-01 1.244517247436983387e-01 1.432619852263008198e-01 1.182528240831929034e-01 1.263409704408829382e-01 1.470705536543210346e-01
1.372433179020915717e-01 1.630222584657563811e-01 1.548313835409939332e-01 1.638893263959704250e-01 1.469929725654501307e-01 1.451848602998531412e-01 1.697177261795095315e-01 1.422144184726948923e-01 1.440697289925840230e-01 1.609722979874073090e-01
1.665152756071495155e-01 1.758228224217721347e-01 1.643294501521235240e-01 1.712081177644174390e-01 1.540832152351753748e-01 1.566014872444895789e-01 1.744587513862032591e-01 1.590793784264092903e-01 1.592124564042575463e-01 1.692191345722489360e-01
1.662953521110240307e-01 1.931041463460295982e-01 1.911490293755062075e-01 1.944587111073897423e-01 1.730830345929584291e-01 1.894697199976659030e-01 1.849896708899944342e-01 1.755413434219801061e-01 1.841131924812760556e-01 1.859210686902758591e-01
1.866512809719501342e-01 2.024798561356271620e-01 2.094553003650184986e-01 2.145108034740509928e-01 1.934746286897008061e-01 2.033107212198981550e-01 1.963250188717355349e-01 1.990787351215852485e-01 1.816131877687305884e-01 2.234320603617956646e-01
2.218992109742363161e-01 2.633434452206526166e-01 2.027528637258445288e-01 2.181090939245952376e-01 2.060985800707139937e-01 2.079751037083133192e-01 2.241449175696591245e-01 2.219944088305298435e-01 2.302440548040937673e-01 2.387414561535024793e-01
2.575056277640986324e-01 2.712025453531535790e-01 2.362664578749868183e-01 2.444845730734306610e-01 2.265525411906816056e-01 2.130211387551103341e-01 2.473859259926456666e-01 2.547501276572507467e-01 2.832659503095422138e-01 2.621976916361994925e-01
2.770547985196473162e-01 2.515422607967722768e-01 2.885008043858283688e-01 2.720388153441973822e-01 2.712473292898206489e-01 2.706239415295516593e-01 2.700085489053368204e-01 2.355970789197436299e-01 2.837488875054174353e-01 2.799777974725287666e-01
2.735786056644197717e-01 2.837277721249965579e-01 3.256889876717578569e-01 3.147851775887288150e-01 2.839028786162656748e-01 2.696250650345593525e-01 3.070902491790434841e-01 2.777569043153051975e-01 2.806594220922384308e-01 2.725203819227247082e-01
2.795823025132150308e-01 3.002100585088317564e-01 3.105151129668589638e-01 3.388786450460365973e-01 3.186953528952837233e-01 3.005123078131534675e-01 3.076601940078417252e-01 2.993111274182645998e-01 3.034358971345884615e-01 3.126838267079968259e-01
3.452956618199880534e-01 3.240821312310195879e-01 3.238465916332803896e-01 3.711076715015808603e-01 3.219821235237046442e-01 3.679879655297623176e-01 2.999532543942488583e-01 3.396522305098953476e-01 3.441782455029442356e-01 3.422104814572411446e-01
3.826109708529229492e-01 4.173630668854940162e-01 3.915685798773103077e-01 4.183102043974127326e-01 3.793390667391783322e-01 3.911876331116070915e-01 3.576183398006095859e-01 3.604443133007985689e-01 3.545504491690291693e-01 3.404186867838246977e-01
4.241481679190585163e-01 3.978649627333343264e-01 4.260003964440578494e-01 4.285592027270871962e-01 4.306311881205699410e-01 4.523870655359431558e-01 4.273720490210369816e-01 4.035815090966967111e-01 3.870486295183622749e-01 4.176043401454439530e-01
4.080170591283732162e-01 4.145941621740919514e-01 4.590614741762751860e-01 4.057612842250186702e-01 4.139692393334569176e-01 4.289775993550948852e-01 5.191088207190718284e-01 4.550832622222135693e-01 3.787921108317535701e-01 4.526948955663748220e-01
4.408092396744034969e-01 4.286978163864602620e-01 4.640287711682324900e-01 4.099203923399998839e-01 4.778656124947727180e-01 4.109707754903030863e-01 4.617599975901439668e-01 4.587718846667021566e-01 5.064052630747861716e-01 4.420154135068756762e-01
5.931542677713540490e-01 4.832449867785212350e-01 4.222252597887618530e-01 4.381875843270401916e-01 4.672389341084631220e-01 4.390994146770684781e-01 4.387441729365320064e-01 4.442612629090507137e-01 4.825972038671880182e-01 4.461373534303292310e-01
6.152022680133040211e-01 5.277513723086224573e-01 4.436627051732496829e-01 4.415189992981761180e-01 5.115795293744932470e-01 5.252346593169313627e-01 4.940836267539162607e-01 5.734821446131428413e-01 4.668774512258646592e-01 5.476613153816234369e-01
5.356577287571159252e-01 5.916598705906654931e-01 5.178295814128293095e-01 5.124822721101460754e-01 5.270263510288419884e-01 5.212225930724900813e-01 4.921764500212985616e-01 5.739556756927365333e-01 5.125984489487747098e-01 5.248588510993299483e-01
5.973810311046837684e-01 5.788854699291412498e-01 6.518508825982699539e-01 5.247459392674311829e-01 6.206980086897152527e-01 6.232723859328370697e-01 4.804408468737074722e-01 4.748065952144784330e-01 6.062923627707623719e-01 5.072370704987724244e-01
6.864089894323932572e-01 5.533973164778587250e-01 5.784965854460714096e-01 5.514408995444723960e-01 5.662388295303875108e-01 6.789677490820587025e-01 5.318918368983376332e-01 4.911182574739354489e-01 6.901455085475134421e-01 5.997682612618102649e-01
6.234086209786794397e-01 6.007440465492513981e-01 6.214433063134223723e-01 5.448970345569645879e-01 6.653114455510551473e-01 7.032833473687410963e-01 6.479917156445130777e-01 6.305803106097678246e-01 6.476121909204958227e-01 6.660232025045860205e-01
6.009776250157929933e-01 6.256673469622777706e-01 5.929396716395572975e-01 6.829567573785312318e-01 6.801658999795874294e-01 6.763989792716811333e-01 8.372668125027132868e-01 6.840247739345678424e-01 6.673040161394699910e-01 6.869274979227110167e-01
7.526703660360484216e-01 7.077640161992979628e-01 5.099522633802482385e-01 7.379810889412417030e-01 6.793502530123117777e-01 6.368228905447803623e-01 8.533244239927124664e-01 7.013263688920501338e-01 6.828115702892654237e-01 8.016687730460555494e-01
7.609772663538388882e-01 7.183689140491809066e-01 8.150250619832382082e-01 7.265672456648114563e-01 7.563587829829521159e-01 5.906145882943782954e-01 6.995080806809240714e-01 7.776736646442388157e-01 6.826991741725390028e-01 6.806104944974781246e-01
7.428176518458372568e-01 7.004687645019439524e-01 7.596708690710857192e-01 7.651252786403941464e-01 7.329418098671129922e-01 9.642418016587204210e-01 7.504121143004287564e-01 8.619623086467607109e-01 7.821834753925137607e-01 6.390441788515957011e-01
8.070398689331540476e-01 7.691814314702920541e-01 8.122724598165079746e-01 9.115727017028389945e-01 7.728445521095420601e-01 9.118639980502613041e-01 6.809646380716773972e-01 8.111805576364479187e-01 7.392062824961110890e-01 6.273756632902347530e-01
8.134954114913665046e-01 6.524958403525011885e-01 7.182386717695672385e-01 7.114315708672506178e-01 8.090899570506093763e-01 7.525819894311807090e-01 7.607052041540102172e-01 7.348495522887866782e-01 8.337370310394751627e-01 7.527269821964549523e-01
9.096462359095266459e-01 7.302702333187424122e-01 6.859223705231707324e-01 6.752867191320541806e-01 7.219520559290498740e-01 6.688810976847607837e-01 7.226657210839224632e-01 8.839062982701131332e-01 7.854344349983436446e-01 8.059878432633541534e-01
7.512033366858317240e-01 7.747195424454501600e-01 7.941455256240511629e-01 1.161350441117106724e+00 8.025976615380254753e-01 8.446101809749433365e-01 8.198881755983491448e-01 7.114363483315893077e-01 6.828738125058334552e-01 8.483620607094642940e-01
8.662184930001012306e-01 8.700299378538863815e-01 8.944707779928913194e-01 7.326341821474421367e-01 7.374794030734969086e-01 1.219772934176742263e+00 1.161350197340461410e+00 7.982508057475834473e-01 6.064641639526872074e-01 5.073796968254348227e-01
1.035339959495024997e+00 1.155823232723081961e+00 1.887762800602129865e+00 8.053811367244917419e-01 2.858651118731918572e+00 2.167889870224819049e+00 1.155633356444271787e+00 1.285080501981499035e+00 6.944285748587025742e-01 4.816758613395040745e-01
