6.229176678895728680e-02 1.790718732686255588e-02 4.184052437384022660e-02 7.658874245987197169e-03 1.258123005304698054e-02 8.846445996323865080e-03 1.095439379951528881e-02 3.905133057177435918e-02 4.784527653760205224e-02 1.133282373273632009e-02
3.565438239920574320e-02 1.603602624347761491e-02 2.702208602826498829e-02 8.493734658168048887e-03 9.728374687260113104e-03 1.282542881922026090e-02 1.500159246617510309e-02 3.404646803440655733e-02 1.395688250598853437e-02 1.206481466808376375e-02
3.653671436200123246e-02 1.235824618738296313e-02 1.966402405535768935e-02 6.924318604238624032e-03 1.154757354583158674e-02 1.020688759836600908e-02 1.531413185861390559e-02 3.590743982737111539e-02 1.213668686939251874e-02 9.480214545061609391e-03
2.803709457445105468e-02 1.099868080543659442e-02 1.886693281039073314e-02 6.584725858886330586e-03 9.933399421725630854e-03 1.397026536117739436e-02 1.422962269422055684e-02 2.271034874555968169e-02 1.252069905505660309e-02 9.061533211079660782e-03
3.020885177254573756e-02 1.644348009450045250e-02 2.262110515227178792e-02 1.554672593288093478e-02 1.575365629721909091e-02 1.918689239338444708e-02 1.786041095013178245e-02 2.194919425707320473e-02 2.155041126365786139e-02 1.647254639989601671e-02
2.872699200166409228e-02 1.604812714073729565e-02 2.391422752392471582e-02 1.505171679021367892e-02 1.786454690405043372e-02 1.724679057333214013e-02 1.811256022196408230e-02 2.607058270226444985e-02 1.759151221784118618e-02 1.803937845403997750e-02
2.704020260479171600e-02 2.294825569500219542e-02 2.454260979615309479e-02 1.726877844059937495e-02 2.066417817855381589e-02 2.673991245502264566e-02 1.954733247082568459e-02 2.631943826990615354e-02 1.976772361320107071e-02 2.003892903381121124e-02
4.311551226254480007e-02 2.700824257533019843e-02 2.868134424125265425e-02 2.295543096977579328e-02 1.866709336422389329e-02 3.277974427319973322e-02 2.507327530727441328e-02 2.860876165215225572e-02 1.885591376420280019e-02 2.177259433427618587e-02
3.121183640045571001e-02 2.676207322249889858e-02 2.776886631501441355e-02 2.431948303890169721e-02 2.146182652963041226e-02 3.304967725277306589e-02 2.130471606358698422e-02 2.597280906095086536e-02 1.917094943855872022e-02 2.236713875471339763e-02
2.801700139742276802e-02 3.033670234075208638e-02 2.438050505995274786e-02 2.693364112906935712e-02 2.906720179661640910e-02 3.759828230742554706e-02 2.290687509517756390e-02 4.054181745467237696e-02 2.458892492478287339e-02 2.371184637445000049e-02
2.993967774635426446e-02 3.359225677104204361e-02 2.664530584179108930e-02 2.839016921117649625e-02 3.348023203869516379e-02 3.604386985686338502e-02 2.186070357691244706e-02 4.541882421558630228e-02 2.286773153173798229e-02 2.560675667015621659e-02
3.474182876758288852e-02 3.029944264377633714e-02 2.834182042777856278e-02 2.495331427652620546e-02 3.145136576806714657e-02 3.573231965196575766e-02 2.298523635193084474e-02 4.439120156166548314e-02 2.152036051681150558e-02 3.161272657211132431e-02
3.579793640312865094e-02 3.262024773616246237e-02 2.635753361411204837e-02 2.803577564681844492e-02 3.619660976571666133e-02 3.623055925652048093e-02 2.725088029781065971e-02 6.166069005528730662e-02 2.638341409891901274e-02 3.586615474074492799e-02
3.817108426201913651e-02 2.812255410374385131e-02 3.223185743109659163e-02 3.118464168156082766e-02 3.977243377914497363e-02 3.919409992995185471e-02 2.945926085373799450e-02 5.180872930638511648e-02 4.220292799422929730e-02 3.102772322003818917e-02
3.855592969543324838e-02 3.003744347979758755e-02 4.278232982852347294e-02 3.308351898655643997e-02 4.244497470263867978e-02 3.854519792686574714e-02 3.579623272107178983e-02 4.986115218840937030e-02 4.790406444392825841e-02 4.318545666858637777e-02
4.340187071259566515e-02 3.560393387674314764e-02 5.091634593797717684e-02 3.670732049138648867e-02 5.690559060006424724e-02 4.103570645012251383e-02 3.444963656779905653e-02 5.687579405678901134e-02 5.064247985355142118e-02 5.148412321146444287e-02
4.679896206249270496e-02 4.152394141350110313e-02 4.439454828938606268e-02 3.864252895613332767e-02 6.376942173635229139e-02 4.474134774779545826e-02 4.308943268009863409e-02 5.884474285040833252e-02 5.814438523500681244e-02 4.689461655359194320e-02
6.035291108369534446e-02 5.216440310029418770e-02 4.383091467327964591e-02 4.165661152393103361e-02 6.346863667544655474e-02 5.037137125119402897e-02 5.034354087815234857e-02 5.811315494752637700e-02 5.005983219633969999e-02 5.300792629635754649e-02
7.195828875796719815e-02 5.088225059353714691e-02 5.393109604219480796e-02 4.865117079584087983e-02 5.554856440922903427e-02 4.598316026515913285e-02 5.011743529357494398e-02 7.063348648532406793e-02 5.102335641608668482e-02 5.242823321445812257e-02
6.756914958978302299e-02 5.238151655538723223e-02 5.730176187581790398e-02 5.834663912991412682e-02 5.654556042469053440e-02 5.166834930077633670e-02 5.586453988545743432e-02 7.995993065418638412e-02 5.428866408229233304e-02 5.238759261747630985e-02
7.444492969852362085e-02 5.310247956451352030e-02 6.168231854148925608e-02 6.166197689589670433e-02 6.225189554325555319e-02 6.582966011010608909e-02 5.737025324544216265e-02 7.236618799868986540e-02 6.010249423300742522e-02 5.789678577683100152e-02
8.872905001586428586e-02 6.324149720590890866e-02 7.878573977568249787e-02 6.575067421677949220e-02 6.324483335185901445e-02 7.305379117509337716e-02 5.924537582252920737e-02 6.740631139727761012e-02 6.910317459887768687e-02 6.450862103729515518e-02
8.389348720471380416e-02 7.515915517762644660e-02 8.926634567588494218e-02 7.276781548293426161e-02 6.685739328018092120e-02 7.690379093343896466e-02 6.899289747694856145e-02 7.501953843725922555e-02 7.284721930143316093e-02 7.603290246298563537e-02
7.365429607383319754e-02 8.409514364564318889e-02 8.284749853943336462e-02 7.681583724466573004e-02 6.660396069584824386e-02 9.178201902122271050e-02 7.745463016681419788e-02 8.556355331183967960e-02 8.833205640482731658e-02 8.349260353533542733e-02
8.471018772910184069e-02 8.752234756028949569e-02 8.799680318593079698e-02 9.374975846409883129e-02 8.964484642145006954e-02 8.916528277891425103e-02 8.188523021625954135e-02 8.117291961347555818e-02 8.498692176950928268e-02 8.529045699061529873e-02
9.351559888153603006e-02 8.437931165491512064e-02 1.009074149215689747e-01 1.023169004871962023e-01 9.629364476986353172e-02 1.023050827736868285e-01 8.753718116818361150e-02 8.932781342002407698e-02 9.098785673728035372e-02 1.003375443562285196e-01
1.024070601963315841e-01 8.606858868862972411e-02 9.651811122202956506e-02 1.064282257113161323e-01 1.030073660933051444e-01 1.112077208778330661e-01 8.794229892589500164e-02 9.707972714217256993e-02 1.016681200240232008e-01 1.150266682443104871e-01
1.177398638944139042e-01 1.032384327893645093e-01 1.043321204373829636e-01 1.112328930716024455e-01 1.229309390193463747e-01 1.119275090493457026e-01 1.044367085808702439e-01 1.053943872146860389e-01 1.121470876351099710e-01 1.241774715902722453e-01
1.104727695457867892e-01 1.061664449618925921e-01 1.162574823332599289e-01 1.125788246741768750e-01 1.339317320362970742e-01 1.126703349697392997e-01 1.273781832877416420e-01 1.179468354006244918e-01 1.137975573648977445e-01 1.336985470520299923e-01
1.269302328894841014e-01 1.155441059536117948e-01 1.222883839478136753e-01 1.205542818932817811e-01 1.495693022274253436e-01 1.336987187188033444e-01 1.308158843536649518e-01 1.266613818414770443e-01 1.275406731163886698e-01 1.371169497473278265e-01
1.509766305752784643e-01 1.199419598545091170e-01 1.322680647258268616e-01 1.235811710828369769e-01 1.524604167730345683e-01 1.476164361519253787e-01 1.467654494417896804e-01 1.309518908444213814e-01 1.445703455808887983e-01 1.442854330189178302e-01
1.631224835880842050e-01 1.375273908783365973e-01 1.591818389836927305e-01 1.489472192758987124e-01 1.538849946334456265e-01 1.539988854864245416e-01 1.793417354295478439e-01 1.389890007403138950e-01 1.530379465172184428e-01 1.590951518467016157e-01
1.737216648162508148e-01 1.711501343601277425e-01 1.725543853502141400e-01 1.546274841942454903e-01 1.687542238108582504e-01 1.740305574502560848e-01 1.690152162924672963e-01 1.517296612595475380e-01 1.521783107842695215e-01 1.686647315433640604e-01
1.787812511583679875e-01 1.907640893853006780e-01 1.680955999428436487e-01 1.663406813627609782e-01 1.711516614439398398e-01 1.886834051509654053e-01 1.708483248497820184e-01 1.866970086583003008e-01 1.667048675711705619e-01 1.866642866116106358e-01
2.014140293995988207e-01 1.938985455428935134e-01 1.693147858594852839e-01 1.752303619865633599e-01 1.782120928307809882e-01 1.775506459909015622e-01 1.813735897030913924e-01 2.016027789853325203e-01 1.622700192217643722e-01 1.970515336311595422e-01
2.208751947104071467e-01 2.148091210673180873e-01 1.855462809176593175e-01 1.843494273441232956e-01 1.922609160401348438e-01 1.828074267567026401e-01 1.859566663933440722e-01 2.067864888461076467e-01 1.793925262895340600e-01 2.034486884633173176e-01
2.319708475206537224e-01 2.399125052852571494e-01 2.095372610241801048e-01 2.132756194006869277e-01 2.081511083038474208e-01 2.041576674799928104e-01 2.105456833881184930e-01 2.088307971750770209e-01 1.970589455318649263e-01 2.219334396820331623e-01
2.352983600398596276e-01 2.544012456976169068e-01 2.322753572945057132e-01 2.232669628600071066e-01 2.113178439595863600e-01 2.455662078087507139e-01 2.121456818651747678e-01 2.176260638201650000e-01 2.144996628910578185e-01 2.472080734537720759e-01
2.541571629055693338e-01 2.383299168052030736e-01 2.403822747382829972e-01 2.419961802498355741e-01 2.402410298669284405e-01 2.744738749158653346e-01 2.034775033150790224e-01 2.686876799303642427e-01 2.310879551298813117e-01 2.609287161692855905e-01
2.795123143388671405e-01 2.502020324744179680e-01 2.551891513045883020e-01 2.467616641993717330e-01 2.880124132541714288e-01 2.822144023040587535e-01 2.212668835250966859e-01 2.727335023995254293e-01 2.558776892099794975e-01 2.735208542308854018e-01
2.824010229221364243e-01 2.790965083603871855e-01 2.865119522780235628e-01 2.805228329287105526e-01 2.947977226949928808e-01 2.990382077551301254e-01 2.435669952696497276e-01 2.574824100405346261e-01 2.581758608413259881e-01 2.893093961604094599e-01
2.873406081283567670e-01 2.938966471761865207e-01 3.106464377553551648e-01 3.015561030908050499e-01 2.871354329206524669e-01 3.103373323597070077e-01 2.832241319847233485e-01 2.652006187589530661e-01 2.684926425641018799e-01 3.171174389817656425e-01
3.259279064120048086e-01 3.132733118489153812e-01 3.350970955222153935e-01 3.015390838999077450e-01 3.255594113273477808e-01 2.980010738556809757e-01 2.944992045047997165e-01 3.011609592930874491e-01 2.905079592155241364e-01 3.617146336695908349e-01
3.057919964231695098e-01 3.296939661482030659e-01 3.176989448399679672e-01 3.280325888602761975e-01 3.588287968201202549e-01 3.240609980181429761e-01 3.151052085164973149e-01 3.266871097165601756e-01 3.110409128655244881e-01 3.668336543230383828e-01
2.847670143405905407e-01 3.473741137883858410e-01 3.515421869264575006e-01 3.326234486048192940e-01 3.460386022328207356e-01 3.318817354575612222e-01 3.321516255076005231e-01 3.286147683826151633e-01 3.508056270250763387e-01 3.495359203300720807e-01
3.116838996833770081e-01 3.491894350231686817e-01 3.715845943023065590e-01 3.358719491366495835e-01 3.755788524979787879e-01 3.638778583236834119e-01 3.379386146827453308e-01 3.370276065462637360e-01 3.496660674093508558e-01 3.552352260143752383e-01
3.247614228774293177e-01 3.426543859132599734e-01 3.750460086109095870e-01 3.282500355347169885e-01 3.797335326722030002e-01 3.833506854577524159e-01 3.439719110744571817e-01 3.674227158355063416e-01 3.558149620121421886e-01 3.548121931737149848e-01
3.726318786418695295e-01 4.106659469453152189e-01 3.620736473408011635e-01 3.328611878519772138e-01 3.600633836115322839e-01 3.718103294566887373e-01 3.475499192980538443e-01 3.734435698164781381e-01 3.768845306931929984e-01 3.192463485699625347e-01
