5.103597752402767168e-02 3.748125251014038789e-02 2.552203085869232668e-02 2.585212742597714497e-02 2.934159923853868132e-02 5.405630689377310949e-02 4.394072040828458231e-02 2.267319863581235273e-02 3.463846059697966301e-02 7.980213622044808608e-02
4.759394863009138582e-02 3.852285372103423505e-02 2.804546611695143965e-02 2.616068369647132907e-02 3.012055434415147892e-02 4.894626982497404105e-02 4.689474610891165157e-02 2.212247252565256034e-02 3.487509633931453606e-02 7.889583774255680415e-02
5.012539986002358811e-02 3.725789316319446515e-02 2.960506976141130675e-02 2.471245556002962807e-02 3.054129416978471762e-02 4.896014708861450015e-02 4.733948461485480014e-02 2.347771364030436930e-02 3.186900338398967331e-02 8.108074799746613215e-02
4.944805044922590681e-02 3.959593441113089252e-02 3.089631636900923989e-02 2.510295886443907401e-02 2.982079496030227636e-02 5.118631577209406536e-02 4.539014092158127206e-02 2.478775827576834567e-02 3.261949167060870791e-02 8.502977040162899847e-02
5.119001753718841613e-02 4.107321549282481887e-02 3.127133969642774403e-02 2.660273427162810483e-02 3.243701754429587081e-02 4.835604386212227768e-02 4.813051617777695801e-02 2.563717887049820482e-02 3.537404495629859619e-02 8.044611595925532654e-02
5.019056238037380296e-02 4.219274602704454341e-02 3.163851745670123033e-02 2.929418233346318956e-02 3.470737370569401681e-02 5.024974455188391254e-02 4.895908956553100821e-02 2.797775696926740885e-02 3.687098541255296597e-02 7.478258633014220336e-02
5.122387704434155226e-02 4.249582151930662854e-02 3.472158258913722595e-02 2.958104999322416773e-02 3.496271092841683054e-02 5.465676468095753693e-02 5.071639713816123579e-02 2.866945310579637959e-02 3.661603739562669518e-02 7.932247420518716285e-02
5.084269139905468055e-02 4.008385414026967297e-02 3.797102998608484908e-02 3.196907997036704807e-02 3.619540119715915216e-02 5.421450896072042835e-02 4.906278038143786768e-02 3.013825319185992058e-02 3.815765674581853006e-02 8.247595680353911329e-02
5.292009682911100882e-02 4.407791499340367458e-02 3.810406832514220965e-02 3.279167821926282783e-02 3.836624625950704054e-02 5.398002035035522755e-02 4.870863375375394239e-02 3.407398358534655808e-02 4.017934163009701659e-02 8.729443129214981001e-02
5.429277023194304524e-02 4.780760307347329402e-02 3.961544767761792513e-02 3.416932697541973096e-02 4.138226074089041556e-02 5.204627443132939235e-02 4.946664909150423617e-02 3.399139062983694282e-02 3.846170238058984475e-02 8.179782766406042127e-02
5.381994416304397566e-02 5.160106634019490796e-02 4.061344793470429010e-02 3.641865274732288688e-02 4.408065264480427736e-02 4.960305273332088483e-02 4.840775998727581825e-02 3.772014505284854852e-02 3.860887853398287106e-02 8.637907155741519905e-02
5.605338323319047217e-02 5.361646998207221515e-02 4.392733139884830162e-02 3.751360742642330381e-02 4.559980157253067101e-02 5.296551396403195722e-02 5.059961036710704935e-02 4.204674935823658061e-02 4.246186149888930145e-02 8.921193131331248138e-02
5.715061811259229685e-02 5.234755660616822320e-02 4.642662515965186726e-02 4.072094765138115080e-02 4.621272849658512177e-02 5.477664874135294848e-02 5.324601320748516969e-02 4.219533461842627647e-02 4.335744698338721281e-02 8.939011898194655636e-02
6.043098895172173413e-02 5.272677873522806785e-02 5.170418926762139489e-02 4.419393365889560943e-02 4.804081748097782656e-02 5.381271581366199597e-02 5.303147563226492250e-02 4.457564118022117744e-02 4.492428674941582184e-02 9.410091846795155812e-02
6.597130528943301320e-02 5.982557154261439886e-02 5.268430241836936923e-02 4.653230130313327356e-02 5.232267285522356620e-02 5.357835744942072292e-02 5.860153204941422056e-02 4.830356193048526009e-02 4.968601771526452021e-02 1.013599054326911608e-01
6.828343367289589627e-02 6.255941703467710058e-02 5.760829445348918804e-02 4.814026047757735682e-02 5.188931553735016272e-02 6.113909390013284872e-02 5.742742152894746155e-02 5.213354388232467607e-02 5.229134158136278937e-02 1.018059484604935949e-01
7.036307510940610632e-02 6.810427729498641503e-02 6.068295846314677999e-02 5.027278210995682339e-02 5.601816962380751219e-02 6.100378948722597755e-02 6.335865039966188939e-02 5.751819330683833470e-02 5.470865529513503633e-02 9.739784251790775671e-02
7.521685339582918906e-02 7.500340222163522086e-02 6.568235256878346418e-02 5.555563372235616804e-02 6.311266961043486556e-02 6.341000155241956204e-02 6.625581519085334270e-02 5.530163521245150260e-02 5.588682041542669676e-02 1.037952647212020407e-01
7.412278679015031624e-02 7.681704463891209089e-02 7.056453662011172301e-02 6.537029247192215065e-02 6.541552545392728679e-02 6.880806618963292154e-02 7.220482483483482705e-02 6.350143832772402186e-02 6.073272462232941205e-02 1.020516287745510259e-01
8.337672031592549549e-02 8.231738124477540330e-02 7.237486218021441098e-02 6.582889569416730535e-02 6.424400524994286488e-02 7.044370256513327044e-02 6.898947020704614130e-02 6.756340930567897307e-02 6.336792521543260781e-02 9.964946282592895832e-02
8.213412071372998280e-02 8.688386437943314278e-02 7.989934178700211498e-02 6.937197650372385616e-02 6.729443230057503833e-02 7.405983566764268167e-02 7.145191805971413956e-02 6.846364937619231483e-02 6.688239772357175428e-02 1.033179075678620218e-01
8.987271100466891205e-02 8.967652930352096319e-02 8.622259287008661455e-02 7.312544522474938302e-02 7.348830886746399171e-02 7.288855443133719636e-02 7.439360856266047373e-02 7.552000374805743765e-02 6.638437978243701132e-02 1.135181036240826141e-01
9.895542561506144585e-02 1.038303772495551835e-01 8.860052843607967021e-02 7.611927151098434041e-02 7.549122177570821712e-02 7.364089521042829767e-02 7.900819855852650453e-02 8.202311813072844793e-02 7.569675372142048442e-02 1.141062678163327487e-01
1.028200687255114987e-01 1.108311087223562003e-01 9.924163958311472966e-02 7.891488718711829609e-02 7.740641362420362659e-02 7.331644760653346915e-02 8.300191680543261841e-02 8.883842784708945173e-02 8.068086514640633589e-02 1.151515862472782814e-01
1.035963295588817473e-01 1.064812578978776153e-01 1.074055478136618086e-01 8.407901273947046561e-02 8.761833385676411068e-02 8.349167904565245324e-02 8.837869976427811802e-02 8.529102812789669807e-02 7.628066661074896226e-02 1.125257959784866924e-01
1.028493391863231493e-01 1.131980946039328473e-01 1.077885615896651966e-01 9.649983649519089379e-02 8.543359635993080792e-02 8.160232105535765446e-02 9.867410240062816917e-02 9.557738821387565253e-02 7.647226384370880981e-02 1.076363500247846938e-01
1.061306006450680184e-01 1.149883386224256343e-01 1.046915105853362116e-01 9.407693252583695931e-02 8.755541253382349842e-02 8.519258861218213796e-02 1.021890888953602139e-01 9.591477598013337103e-02 8.288699652190469058e-02 1.156899201330831989e-01
1.171899088552281060e-01 1.239201176936925858e-01 1.112294456124936770e-01 9.447271064593269763e-02 8.843529877807802808e-02 8.837654884386002274e-02 9.712121473976946529e-02 1.016527658935160172e-01 9.181115190657013203e-02 1.219693675125148313e-01
1.260331214499263996e-01 1.414559097028570966e-01 1.223274628738735131e-01 1.026913883890276380e-01 9.382270477965679034e-02 8.799357616714782726e-02 1.027757243835353412e-01 9.982570417147262898e-02 9.103177115491906113e-02 1.249865310459129797e-01
1.315924271410936486e-01 1.353206575980676063e-01 1.325309712356369518e-01 1.118465353837308773e-01 9.760650098156499477e-02 9.495112556493486011e-02 1.125762601437096805e-01 1.062141218015267841e-01 9.761854174507660076e-02 1.467231231481223586e-01
1.324540324094840849e-01 1.419539933580676594e-01 1.441904861034596641e-01 1.236894479523304308e-01 9.691906432363900370e-02 9.917926942670116097e-02 1.206684147425261672e-01 1.127117844356927828e-01 1.015630009664554023e-01 1.503341792729346316e-01
1.291766612964780070e-01 1.448927079892419201e-01 1.458859924026492949e-01 1.395662585855307891e-01 1.063126566153782676e-01 1.048868921395706144e-01 1.152852006580928207e-01 1.109556319574212385e-01 1.210091372204457755e-01 1.441815647698964364e-01
1.447803783369393804e-01 1.456933404506021712e-01 1.486881049873891303e-01 1.498773928612816553e-01 1.081856784074321787e-01 1.116568301511824679e-01 1.182553155268576683e-01 1.107474923183235371e-01 1.268780125825044736e-01 1.468329368179445982e-01
1.410373634144391763e-01 1.477721593316886073e-01 1.533140165480885164e-01 1.467950777426315356e-01 1.169894849947233501e-01 1.249957381492228653e-01 1.377920588561764859e-01 1.244791522992872712e-01 1.358271959372752968e-01 1.737583899849108604e-01
1.272111375636578445e-01 1.525058443765250071e-01 1.629885371362130020e-01 1.518783101636227428e-01 1.196729508461391173e-01 1.338024520408860052e-01 1.468472847933771919e-01 1.330556600320493832e-01 1.399048718517348355e-01 1.700192604008913810e-01
1.327181116962097562e-01 1.588007722318937887e-01 1.729297876575466575e-01 1.585172840493684621e-01 1.311781426398893613e-01 1.612284134264645175e-01 1.630323772867583731e-01 1.350256766049527657e-01 1.447574589164903336e-01 1.666307439222433073e-01
1.442625021787117545e-01 1.568999163379063699e-01 1.549906685277735729e-01 1.677826224627333440e-01 1.322396450805416457e-01 1.703109078028550161e-01 1.888222397106495698e-01 1.562027546327421357e-01 1.560848758482598075e-01 1.942334383832268474e-01
1.338568859959324009e-01 1.549101824556813611e-01 1.527450522407159117e-01 1.591112083723189574e-01 1.516140648207205954e-01 1.801977335245804890e-01 2.016583032711365409e-01 1.796635054947518795e-01 1.610236711781999897e-01 2.179051827033506861e-01
1.516473077537721370e-01 1.489417130490978125e-01 1.622033045893012670e-01 1.845246292603538452e-01 1.502203122962144088e-01 1.919396686533428598e-01 2.233701315109893060e-01 1.925474421038874395e-01 1.841457762309318680e-01 2.200201163797394777e-01
2.116423031339981775e-01 1.503556440919271431e-01 1.943393926538402317e-01 2.047734440662212496e-01 1.486654488412385566e-01 2.017924453330816326e-01 2.270307922813638579e-01 2.121774071496652370e-01 2.167423667122136133e-01 2.369009281631472563e-01
3.360263615623220179e-01 2.554839668627005289e-01 3.829308724839876055e-01 2.646666857517704363e-01 2.204628054105063906e-01 2.925290650796823488e-01 2.871079782334028940e-01 3.092780255540724665e-01 3.528016310692329571e-01 2.689202275817292320e-01
6.920911510238233477e-01 5.860489301926845584e-01 6.264830880678178282e-01 5.466613815027693279e-01 5.618487419683663164e-01 7.449824598214016547e-01 6.245745929227196624e-01 6.987334935069093866e-01 7.224811268692928889e-01 5.206244789935602357e-01
nan nan nan nan nan nan nan nan nan nan
nan nan nan nan nan nan nan nan nan nan
nan nan nan nan nan nan nan nan nan nan
nan nan nan nan nan nan nan nan nan nan
nan nan nan nan nan nan nan nan nan nan
nan nan nan nan nan nan nan nan nan nan
