5.311723720117967479e-02 3.568509986954232494e-02 4.632667842912401024e-02 3.254010864256490915e-02 2.628179777905858411e-02 2.924731393812891878e-02 2.398518629166743882e-02 4.994238780173469033e-02 4.015424832239018749e-02 5.466720618570576617e-02
4.945157112344395617e-02 3.658565228935044961e-02 5.076807732775989734e-02 3.288388351105376445e-02 2.706819550609535635e-02 2.674814668427679884e-02 2.572069522645379497e-02 4.822149419667053072e-02 4.062079415212638267e-02 5.396207376166514691e-02
5.193310279805031515e-02 3.514670428652044709e-02 5.315626843314223693e-02 3.113027959722011045e-02 2.807873328533382756e-02 2.772383537839977208e-02 2.661059928152371967e-02 5.011347858862071764e-02 3.772662795616380654e-02 5.519929153085040979e-02
5.035430516281069746e-02 3.716954912324974686e-02 5.445217383616848122e-02 3.182189409669063801e-02 2.865879082690602278e-02 3.090182451011977416e-02 2.726577096793331503e-02 5.045731285397058591e-02 3.973415598610931937e-02 5.800466271745698815e-02
5.066010380451281547e-02 3.811421075731091096e-02 5.441554522420908452e-02 3.419485367397013392e-02 3.191300517433021122e-02 3.035205459121906660e-02 3.099203412657513743e-02 5.056397262654400981e-02 4.525830286175376582e-02 5.499091629155790362e-02
4.842362492579672939e-02 3.917662857687517763e-02 5.302966896958676707e-02 3.745353743105416661e-02 3.413764399638472696e-02 3.309635620265652389e-02 3.508456263248739548e-02 5.143730530807343049e-02 4.900962982762113035e-02 5.144509025274209696e-02
4.908085495538710985e-02 4.090482135975300609e-02 5.798356571128277653e-02 3.739347261913167353e-02 3.462679385730711712e-02 3.872386209417065517e-02 3.972281277456403414e-02 5.157055364097084399e-02 4.976974589029491830e-02 5.623086942007535227e-02
4.983185759159972084e-02 3.874536968894255751e-02 6.305591308713680287e-02 3.977014815378338009e-02 3.542841601076970881e-02 4.047911833759926248e-02 4.047400668491284159e-02 5.268399842812696021e-02 5.315074669296281085e-02 6.087304659976189303e-02
5.274737132924697119e-02 4.228673701277650687e-02 6.225767216721558167e-02 3.982919301818577118e-02 3.764436406402986435e-02 4.322323613995510128e-02 4.147970185162293266e-02 5.847225592898462609e-02 5.790900761762208387e-02 6.735690144272789281e-02
5.396530246071595122e-02 4.522834656440805762e-02 6.419465668199002273e-02 4.002932613688615915e-02 4.132830212036772005e-02 4.536442755967215468e-02 4.331707630021683353e-02 5.529378704447700243e-02 5.595293807732548003e-02 6.495832088294234419e-02
5.356062802463964351e-02 4.847126837075919209e-02 6.648574733699486039e-02 4.133951910129365914e-02 4.441156067766900695e-02 4.588193847274261300e-02 4.455205977171975557e-02 5.879946393620994610e-02 5.758445095250427220e-02 7.210846579477404872e-02
5.571141335039207082e-02 4.870837200100249648e-02 6.975426469953312225e-02 4.214667680182991594e-02 4.745290133076777300e-02 5.120807243512078694e-02 5.086952665908590215e-02 6.678605934348624817e-02 6.512862739499951370e-02 7.812074288061818250e-02
5.633693533936973835e-02 4.479626578000058673e-02 6.924918459263694481e-02 4.670614291234220783e-02 4.934482418217969735e-02 5.508124230811618088e-02 5.768298633682115983e-02 6.861020233663660262e-02 6.393918303169356110e-02 8.276909889365331729e-02
5.893774661380901669e-02 4.517167851474489237e-02 7.263868660907364661e-02 4.974157550811283968e-02 4.902758095361327284e-02 5.516908065221795554e-02 6.081435945230167367e-02 7.354990794345950267e-02 6.332371018690306774e-02 9.259336304667585560e-02
6.436490856476169420e-02 5.463378622094700043e-02 7.072046255077180099e-02 5.129551204112307861e-02 5.039439796366481511e-02 5.576805217633248879e-02 6.902030140081936993e-02 7.829524859144711135e-02 6.894416440639949961e-02 1.057562321672924494e-01
6.934697360882459416e-02 6.008795329377502464e-02 7.720122527881335961e-02 5.188241090596717314e-02 4.985872208508653619e-02 6.528886596115372754e-02 6.440190773724489837e-02 8.087515353952333397e-02 7.145836162799465430e-02 1.114525284436747588e-01
7.456993614922929892e-02 6.908479166928815918e-02 8.320002930521107343e-02 5.200312348590808292e-02 5.653511025405396490e-02 6.370646956770983915e-02 7.172567161836274074e-02 8.405553423538628111e-02 7.467940099857173220e-02 1.131616658446669976e-01
8.016194603245574424e-02 7.870173935607857607e-02 8.874140692155095544e-02 5.676092720218040011e-02 6.439686251260437477e-02 6.479247362782097897e-02 7.914762200067369802e-02 7.296921637059623766e-02 7.463999934128778824e-02 1.301775845297418466e-01
7.960269050965626536e-02 8.173026837350384766e-02 9.268050581886760897e-02 6.939864950478144556e-02 6.654591335190163104e-02 6.865168023721868185e-02 8.841661323066514477e-02 8.216947233429781894e-02 8.044509381582702623e-02 1.310208430182269457e-01
9.356079622195415113e-02 8.636570316206164388e-02 9.086332917065474690e-02 7.344554552129312075e-02 6.790557975003939928e-02 7.209397013383456176e-02 8.029090936173680082e-02 8.898419061296045096e-02 8.229246774432567857e-02 1.256762367217511001e-01
9.702786503177718291e-02 8.673685074293122077e-02 9.785067224045564116e-02 7.984709188344796260e-02 7.650175283221587186e-02 8.517975712136151289e-02 8.270092474517791448e-02 9.091230711805903253e-02 8.637086041395680702e-02 1.306195585352923350e-01
1.177798807883156801e-01 8.390175745230510351e-02 1.017513677992576693e-01 8.508539476761785292e-02 8.326161736680021130e-02 8.777026979257379624e-02 8.919169253075145964e-02 1.029652890842683161e-01 8.824446165360622096e-02 1.511833033091824208e-01
1.351595559325942109e-01 9.222291099759052924e-02 1.007040697987205968e-01 8.936443968141914718e-02 8.743560887717774510e-02 8.964962277975833949e-02 9.595444100527616982e-02 1.191831325557209664e-01 1.090481709316236530e-01 1.571653357709326682e-01
1.374499508346397336e-01 9.553346161906685341e-02 1.160927404067914198e-01 9.367859428910586816e-02 9.193981461239618402e-02 8.778718193067265585e-02 9.851064603355014215e-02 1.327183673662646612e-01 1.208484746877390992e-01 1.624462733220392030e-01
1.324946410251119089e-01 8.815862520838615990e-02 1.362890387136208858e-01 1.002654056510036279e-01 1.120971142527211889e-01 1.063492264109694579e-01 1.022651290637418553e-01 1.194619661522783594e-01 1.078859802569015480e-01 1.574166718616668292e-01
1.294807984393130385e-01 9.729409989117060453e-02 1.420571303044627087e-01 1.188017502705446538e-01 1.123931635491525749e-01 1.082084440120417990e-01 1.130003777600538384e-01 1.326256822772087229e-01 9.787356858332518783e-02 1.519474371226496590e-01
1.382137874628099616e-01 1.079783154074111795e-01 1.308003885038885317e-01 1.146538725621096544e-01 1.142281476438708754e-01 1.252905558466761715e-01 1.161526503984181974e-01 1.357726269596696844e-01 9.818611327067566785e-02 1.654444099021609438e-01
1.599323334540796726e-01 1.377515682957003440e-01 1.315343446015432016e-01 1.086615172424749282e-01 1.189245554440436642e-01 1.482197147755130728e-01 1.077601896466050396e-01 1.536841209381194229e-01 1.048487896660070667e-01 1.645654669973120043e-01
1.796126878786956371e-01 1.804379377792245109e-01 1.446382792104277393e-01 1.165048618725376545e-01 1.332514366190543920e-01 1.573731093115405266e-01 1.161664046666681521e-01 1.604448485533613855e-01 9.820368287031348842e-02 1.577665691604429321e-01
1.986815795967852571e-01 1.887026638535914125e-01 1.654704017924290560e-01 1.332990907625174193e-01 1.382035506312183082e-01 1.778938906431446754e-01 1.337345842405795182e-01 1.803363000626971024e-01 9.845338024761519924e-02 1.824528168753856427e-01
2.086758027683064398e-01 2.163422403322360354e-01 1.956157805021193352e-01 1.421551220633728574e-01 1.330819514825600236e-01 1.726939647594434302e-01 1.472772206193344591e-01 1.970244080742078185e-01 9.273799964493892323e-02 1.913148606713862554e-01
2.149239101964540433e-01 2.430390051512693605e-01 2.003617448719930416e-01 1.499394587663444856e-01 1.481509080480887808e-01 1.520517129612567742e-01 1.265542666522117832e-01 1.954836809522458307e-01 1.123275318684753554e-01 1.902954380177348248e-01
2.653875456844421721e-01 2.708167138707878174e-01 1.985889426119633039e-01 1.554545585293163334e-01 1.572440801234890051e-01 1.372852169490195451e-01 1.114903883496615317e-01 1.849408968058703362e-01 1.186862733454811525e-01 2.010225366976583494e-01
2.703418038567872439e-01 2.920391877975379580e-01 2.185826261193317688e-01 1.641059801813111452e-01 1.760142567681098891e-01 1.508654885190773565e-01 1.400349909711116336e-01 1.971795824269335085e-01 1.417934199103175197e-01 2.437253915164238338e-01
2.322610283798025033e-01 3.062887589769078822e-01 2.746178031256136798e-01 1.890789473752008398e-01 1.732506934726451842e-01 1.726467244296432946e-01 1.729213057774174889e-01 1.975274959898071225e-01 1.582279573356167868e-01 2.331936405720669292e-01
2.418145812178709164e-01 3.084555172997797690e-01 3.357903693573893733e-01 2.090344889150604901e-01 1.773846091415326731e-01 2.307138419297395660e-01 2.094511341791700787e-01 1.790789695121447755e-01 1.779477053443914436e-01 2.060956994667741682e-01
2.918878687263735117e-01 2.860019023795776216e-01 3.142344720533779001e-01 2.276997833653987835e-01 1.493699780247585984e-01 2.630994787243648436e-01 2.579502683283415032e-01 1.872669651523633794e-01 2.008602748477496813e-01 2.254718235309706165e-01
2.709435877983883967e-01 2.873642570275198871e-01 2.926273397822922728e-01 2.201445997904266649e-01 1.722297777433909050e-01 3.288725891253474476e-01 3.175980645170612959e-01 2.260776268852133786e-01 2.162810935035811843e-01 2.734472773306711457e-01
2.724096542462091097e-01 3.072622224172494865e-01 2.743968305150722986e-01 2.959768642934711425e-01 2.145809782580431480e-01 3.885484422134301563e-01 4.361503339073936059e-01 2.722733710236007743e-01 2.934739751048974776e-01 3.148778975255639989e-01
3.482477957322904216e-01 3.488472218356262755e-01 3.002378502506888314e-01 3.683822177760144867e-01 2.548914864243628231e-01 3.912840570309178423e-01 4.797356747967737589e-01 3.510349164795120713e-01 3.569221306424859574e-01 4.209416769220585830e-01
4.856367500839661733e-01 3.996753981535101641e-01 5.694526896207126043e-01 4.188589774170755065e-01 3.359641621653786658e-01 4.374910930656424335e-01 4.793891262796698416e-01 4.673196908778237679e-01 4.768833709930884179e-01 4.689085614636231969e-01
8.182987668535816050e-01 6.462061421653929605e-01 7.476158062867948040e-01 6.596429256189474399e-01 6.404302280713819462e-01 8.574792381387938978e-01 7.435099080820725126e-01 7.841784513176064397e-01 8.017757157914909838e-01 6.402738448102159863e-01
nan nan nan nan nan nan nan nan nan nan
nan nan nan nan nan nan nan nan nan nan
nan nan nan nan nan nan nan nan nan nan
nan nan nan nan nan nan nan nan nan nan
nan nan nan nan nan nan nan nan nan nan
nan nan nan nan nan nan nan nan nan nan
