2.693900931922953157e-02 2.149555301934863091e-02 2.800411629124070073e-02 1.537572384939950819e-02 1.908707974334514224e-02 2.630822357833092692e-02 1.154603449055535691e-02 2.784455258963293781e-02 2.806291895895998700e-02 4.892838912909917154e-02
2.535418061269617551e-02 2.232645106076382863e-02 3.047514358148865204e-02 1.583692363636192077e-02 1.971132324039304856e-02 2.389905901213685083e-02 1.262737545823139525e-02 2.696645279296863359e-02 2.861721794994170551e-02 4.835088116329391145e-02
2.757739696301065441e-02 2.186816739227064738e-02 3.156841462829160921e-02 1.535986059635384253e-02 2.027976425497928989e-02 2.439285775714628013e-02 1.395670053933388555e-02 2.827845307325273574e-02 2.707237625220156041e-02 4.935163659987779755e-02
2.773688277069128252e-02 2.313175090998443456e-02 3.220849850813796433e-02 1.611271215429838088e-02 2.012617493811214714e-02 2.618514497218669621e-02 1.542892950424825521e-02 2.874008653803880597e-02 2.900453824695358937e-02 5.142599186523462429e-02
2.955174358020734235e-02 2.482452122247939819e-02 3.260017922611242736e-02 1.816890202822470449e-02 2.255183680951275416e-02 2.476729388804345747e-02 1.968125563766624439e-02 2.933274538957790847e-02 3.380707220476511510e-02 4.882013640701987622e-02
3.028293474366670554e-02 2.712682499429227775e-02 3.243361510190326952e-02 2.100697227087332600e-02 2.471768131948762909e-02 2.483953533330618760e-02 2.343854422673840449e-02 3.026725855419584027e-02 3.741348462981212986e-02 4.529245567003675754e-02
3.195369206554809355e-02 2.944832492248998512e-02 3.659629830789452171e-02 2.193190430433992338e-02 2.710468009775002934e-02 2.877756404446185287e-02 2.805487506510027582e-02 3.147850649625773267e-02 3.854257689173394563e-02 4.847632561762524328e-02
3.309751595559211335e-02 2.701396302305752312e-02 4.064563226093460130e-02 2.401144794459715223e-02 2.898878144488026970e-02 3.079174201135839034e-02 2.963208231613424434e-02 3.293288069462012302e-02 4.259860666356996006e-02 5.026532441543325042e-02
3.727644033237132587e-02 3.038891145571661831e-02 4.013293948132225925e-02 2.473995386250606512e-02 2.975618604866800757e-02 3.346609070038487205e-02 3.225287885403204519e-02 3.731995362917958636e-02 4.688658628312108306e-02 5.400130861670499050e-02
3.993904145913127618e-02 3.406299409722110538e-02 4.173852002133137534e-02 2.728189601447385607e-02 3.139167490477180744e-02 3.522216509163161868e-02 3.490215272134777197e-02 3.460111959272760274e-02 4.584157036698862514e-02 5.295663718052443653e-02
4.043894176781932109e-02 3.693136976874920180e-02 4.445395378388557195e-02 3.149530353379448311e-02 3.300462634151302144e-02 3.540260987330979409e-02 3.720569432662023529e-02 3.626082539857042319e-02 4.725519674879592041e-02 5.908345028270047677e-02
4.076175278587191447e-02 3.532854396768252137e-02 4.772265430927440100e-02 3.572600879614361291e-02 3.588325105404403109e-02 3.836765851759348783e-02 4.269117855688533969e-02 4.281600349451254728e-02 5.352911468356841979e-02 6.271579216549326430e-02
3.949922589093293745e-02 3.242216035087545217e-02 4.831806016071815701e-02 4.131606474897498577e-02 3.880137626439283255e-02 4.084001799535662280e-02 4.649051384740449794e-02 4.563553214194981250e-02 5.246018578745397648e-02 6.486529179247287058e-02
4.192290395989957397e-02 3.495801803009989522e-02 4.994140797826802231e-02 4.508663895793971199e-02 3.932539826837775504e-02 4.070374272734691296e-02 4.839885816698658028e-02 5.222804997798131260e-02 5.195694285605355345e-02 7.119333643110435650e-02
4.462386305274868015e-02 4.432030168237051371e-02 4.775593717655328418e-02 4.941211698955609577e-02 4.008021476142487743e-02 4.170812666507009436e-02 5.483472222170360233e-02 5.808794490521853454e-02 5.797618141211655085e-02 8.056362514288273324e-02
4.750597665280047871e-02 5.002902655822704520e-02 5.265291418090897735e-02 5.135956471626616782e-02 3.782628733846873231e-02 5.013731822162956903e-02 5.246678244403341074e-02 6.179123522686386788e-02 5.917552353411027755e-02 8.329794247798830154e-02
5.307977704396368152e-02 5.796592425931490489e-02 6.039670701591794838e-02 5.142534229712750898e-02 4.274436348178980993e-02 4.983727927103406147e-02 5.920112447571921482e-02 6.608793749793642758e-02 6.046647086009872968e-02 8.323267076226978367e-02
6.131364893646211456e-02 6.713628667453321042e-02 6.638685143764068430e-02 5.538655224095075102e-02 4.890260879221770829e-02 5.129287824396391859e-02 6.669555144203544172e-02 5.941195176452197108e-02 5.967823393503506740e-02 9.586423445132317978e-02
6.086675830211470128e-02 7.045490496308527695e-02 6.835678725674748657e-02 6.814778948620248133e-02 5.414908497938282494e-02 5.492594716566651103e-02 7.425439994347403372e-02 6.722428571650157503e-02 6.687067293017504022e-02 9.693322045568524004e-02
6.864581927356379343e-02 7.853889222314562601e-02 6.612449461918026850e-02 7.062753889586204092e-02 5.522956980106554642e-02 5.695468301495679869e-02 6.807420259950942854e-02 7.331270069714064530e-02 7.161386370400031620e-02 8.972647012758283580e-02
7.129175081231152455e-02 8.298081763325482196e-02 7.527788859781955888e-02 7.536278201930383946e-02 5.990928666133409075e-02 6.858538506407528546e-02 7.077162028096439794e-02 7.665636901932113001e-02 7.782863584432396509e-02 8.727373374529898142e-02
9.181469402290577675e-02 8.389777064034319165e-02 8.488257339290407322e-02 7.702390706981436519e-02 6.942951354042872780e-02 7.567762942535520565e-02 7.835311244118142726e-02 9.159644988131789012e-02 8.198140936606006235e-02 9.917809540500799326e-02
1.117685794900175889e-01 9.181937965207066787e-02 8.938949822884313667e-02 7.695545380516249923e-02 7.622798990597907942e-02 8.113515737128387806e-02 8.486414012637998050e-02 1.071957744117149058e-01 9.986688336208181249e-02 1.051577440739941693e-01
1.149247943478140799e-01 9.774374953438889901e-02 1.004913619616901177e-01 7.846141061837384745e-02 7.770814577491641506e-02 8.311062226546175880e-02 9.036469410857508877e-02 1.195990168776493723e-01 1.084169147707910591e-01 1.137037395487244390e-01
1.080084495279529933e-01 9.650514800391980785e-02 1.104737502852057018e-01 8.791901541920067731e-02 9.661310990745798633e-02 1.036803006895968549e-01 9.941190987678276414e-02 1.134231605474237681e-01 9.861966137970318291e-02 1.183010918447323090e-01
1.009934980679737387e-01 1.092493885953638444e-01 1.141305670256218263e-01 1.115183457162869096e-01 1.026313693312455311e-01 1.069205847772937285e-01 1.137057166040696260e-01 1.270250969554317377e-01 9.337224811823194304e-02 1.231357870984559622e-01
1.076128337470417390e-01 1.177239430342912757e-01 1.143369320778964970e-01 1.084498831841763933e-01 1.070313948674972981e-01 1.160381453671910507e-01 1.212729870458394421e-01 1.335003387537496977e-01 9.520644559941751628e-02 1.396097235168418937e-01
1.249614163068581141e-01 1.427409335099194820e-01 1.225359889634647509e-01 1.016155432203821180e-01 1.173432138308568018e-01 1.279269821226773074e-01 1.144444989554061071e-01 1.523034533780301680e-01 1.094941982677498926e-01 1.433230994891096233e-01
1.446598976723953711e-01 1.801661886739637786e-01 1.414390187689222034e-01 1.068813681315081143e-01 1.359063180168132989e-01 1.394028933909711165e-01 1.189525718271952082e-01 1.618266769748727685e-01 1.074228407087837872e-01 1.391611958073667721e-01
1.667492339646957922e-01 1.940114742008446913e-01 1.727763327225218803e-01 1.244914863028264845e-01 1.493148784696748943e-01 1.694121244953049332e-01 1.334682617244763725e-01 1.834127371064013523e-01 1.209267424004595581e-01 1.522548608945895887e-01
1.875851293569197054e-01 2.244203563756228537e-01 2.111177144794003646e-01 1.467507681380739448e-01 1.646342491334455149e-01 1.859816284412301179e-01 1.484272881327960703e-01 2.049580640048095093e-01 1.306346279923134013e-01 1.621087791680903001e-01
1.957795626878610917e-01 2.610954090016443518e-01 2.085354925883592669e-01 1.756359418627096713e-01 1.899724382942793166e-01 1.907265406707147615e-01 1.483828216603671479e-01 2.088392109511502670e-01 1.630037453172323569e-01 1.820921601752040209e-01
2.337054568736284532e-01 2.943255272490639118e-01 2.090480395644834788e-01 1.966687523323014386e-01 2.031608701915464665e-01 1.992853495535784059e-01 1.518596948847590611e-01 2.106953970568729295e-01 1.979387229205497312e-01 2.076506633762683351e-01
2.444866860805003650e-01 3.189726540715785985e-01 2.269241124948735422e-01 2.063769278948168195e-01 2.306230424848450256e-01 2.348829399172040755e-01 1.981220546713415021e-01 2.283022943039817176e-01 2.390349667138913503e-01 2.698143653608590653e-01
2.342655465070924425e-01 3.288207652856977026e-01 2.772897453857423589e-01 2.148790478338759025e-01 2.447584596994592243e-01 2.705315534313850745e-01 2.447757227806350022e-01 2.554669435750560602e-01 2.501407510863273842e-01 2.767668664572361936e-01
2.509253002519870046e-01 3.542835746867754598e-01 3.351735524627975638e-01 2.631064407207046596e-01 2.610971533250858179e-01 3.430036915742147308e-01 3.178993641761458933e-01 2.731507828124856152e-01 2.620091793465245122e-01 2.630853134753741163e-01
3.287250063397907374e-01 3.440419458241432138e-01 3.472435698469628629e-01 3.304240587823650821e-01 2.849327446978189848e-01 3.686194108314043150e-01 3.915350049647742803e-01 3.151436410901364282e-01 2.974395532822207699e-01 3.039863929865224690e-01
3.386018461714510042e-01 3.598424656012813583e-01 3.420305702429186634e-01 3.335790058714180883e-01 3.400583813100815922e-01 4.114794043568047455e-01 4.296325407013959485e-01 3.679110722401938705e-01 3.118127550609126608e-01 3.484667568545491423e-01
3.880170670804522493e-01 3.925351179611699659e-01 3.798413980974847393e-01 4.204769766989779334e-01 3.876937622390653759e-01 4.599235029083510451e-01 4.828047473364094899e-01 4.171261411169008282e-01 3.838183273568263054e-01 3.738667867568656322e-01
4.493690194185939735e-01 4.317239859197447016e-01 4.279355191216701604e-01 5.134282880795092430e-01 4.215857920729771391e-01 4.601291518939146785e-01 4.745837469005079745e-01 4.705709583348130498e-01 4.612117168664270905e-01 4.547532257173518278e-01
5.166583660126442545e-01 4.485116061585852076e-01 6.397392413677417400e-01 5.335160578621171990e-01 4.499592436306908971e-01 4.613358886445844687e-01 4.621851325236416286e-01 5.064530891549734459e-01 5.332290744527223847e-01 4.980127372977398159e-01
5.951931219342561086e-01 4.932456383037814862e-01 6.284286808067742758e-01 6.044385936209251131e-01 5.023105568149367484e-01 5.757665617030730543e-01 5.265030769538456834e-01 5.530354574522465816e-01 5.805567521252569252e-01 5.362538475391425141e-01
7.113397333026918457e-01 6.779664990438819538e-01 6.576288912870827952e-01 7.134391521568611561e-01 5.563091650142327760e-01 6.603015435746228956e-01 6.278978998712310133e-01 5.736914503045892344e-01 6.303173398089635393e-01 6.480847847709739762e-01
7.373689996356899146e-01 8.014927227007276889e-01 6.208150748751748438e-01 7.606463097511124705e-01 8.120528193874332334e-01 7.648594167239064490e-01 8.470829382664372131e-01 5.644706870797308040e-01 7.876853305693164442e-01 8.784721074971636456e-01
8.083121867555425055e-01 9.288841934756841834e-01 8.062143052976825652e-01 8.827251437081549135e-01 7.972502227476174763e-01 8.481257956259836694e-01 9.686906148552878459e-01 6.784481574357742462e-01 9.213475224123850449e-01 9.969468033035676635e-01
8.763587651955689894e-01 1.025658708659880292e+00 1.048464719867601147e+00 1.146794352418611274e+00 9.081221290217180719e-01 1.068168415598538035e+00 9.143696455452097194e-01 9.799578632624110774e-01 1.074558890459053506e+00 1.156012867461170490e+00
1.087405496277378703e+00 1.159499248505189373e+00 9.774935473735776315e-01 9.242183263414227579e-01 1.078881051215816678e+00 1.144284741882143575e+00 1.076574900545921309e+00 1.182157263587958473e+00 9.780524377861038454e-01 1.144422676584484933e+00
1.240020511496829014e+00 1.321238126316832462e+00 1.654441618424762561e+00 1.184181276033454244e+00 2.799509818327317934e+00 1.834909483567083610e+00 1.303805243101794797e+00 1.453951540517623764e+00 1.134945681302075515e+00 1.076060629467079144e+00
