8.298312730897393352e-03 4.044517677852998636e-03 1.440442522096331730e-02 1.378328013397110349e-02 4.115965594943676864e-03 4.957519454820221577e-02 3.206835591360340364e-03 5.223378527122952801e-03 7.355873629209452522e-03 5.804142694949485093e-03
1.131295357007496179e-02 5.123031213042799660e-03 6.470717431843657150e-03 1.056647483932381636e-02 6.567535491922847288e-03 1.635441731434141704e-02 4.660626933854026405e-03 9.280136100562854512e-03 1.036215982209887781e-02 9.333154194816348573e-03
1.326333413253089760e-02 7.052723908580459458e-03 6.000499079924628831e-03 8.806537010635167792e-03 7.889332906941732421e-03 1.018665449767674688e-02 7.590135167744643287e-03 9.246876522795941314e-03 9.651608037018333600e-03 8.552771948002808877e-03
1.797871334524789658e-02 9.607118660529431059e-03 1.131205328829321989e-02 1.469248860682474157e-02 8.419610833561474300e-03 1.535436337287961889e-02 1.040490307932789849e-02 1.204067950478283217e-02 1.070211778980413586e-02 1.247863540117860430e-02
2.215850471770932500e-02 1.072715909249382163e-02 1.144900146505288367e-02 1.662871511629148216e-02 1.273799610630763253e-02 1.942059243643903810e-02 1.602955246966641586e-02 1.439437004096526425e-02 1.653494228302613417e-02 9.953928007390259319e-03
2.223914015390655516e-02 1.591582168897615057e-02 2.004036123119867438e-02 2.278346918307179447e-02 1.755272231461723134e-02 2.195421424778972591e-02 2.238274400775819642e-02 1.468823716324458434e-02 2.155608606517302878e-02 1.442436194071250975e-02
2.736349055344691056e-02 2.178106005516287566e-02 3.142244080776926407e-02 2.386977533957466979e-02 2.288251987935401022e-02 2.766297365264864389e-02 2.259305788054158035e-02 2.283610735383578144e-02 3.524537190587873764e-02 2.412435322516565117e-02
3.541187114844210337e-02 2.412434227304383061e-02 2.755850427037740205e-02 2.834063381720577229e-02 2.259606507618699966e-02 3.613411091711658113e-02 3.118055109114184834e-02 3.192761982940458404e-02 3.391782406264743505e-02 2.834409788044387618e-02
4.033240637509079296e-02 3.217633532549275810e-02 3.226033334887563886e-02 3.585027161698894210e-02 3.190059670952443555e-02 4.299600998356825632e-02 4.252600326795045321e-02 3.762058577351731770e-02 3.897922142722359123e-02 3.696297914843850452e-02
4.421705325532224867e-02 4.276383670616933780e-02 4.194769090785515492e-02 6.121283597349062855e-02 4.462439202522622272e-02 5.250249287114859553e-02 4.882738449790410135e-02 3.967415277466825041e-02 5.009884933586254696e-02 4.779894431553660672e-02
5.545358213016311072e-02 5.431946626079384166e-02 5.765622925542951416e-02 5.798314857375288373e-02 5.506709884605763550e-02 6.009919519447162045e-02 5.957519583850510309e-02 4.619821939951376799e-02 6.401855191446634286e-02 5.199662025706714569e-02
6.681836157221393568e-02 6.767111423657500013e-02 6.857653585154206699e-02 5.759632197286338601e-02 8.268796073196069130e-02 7.273566071701671742e-02 7.421246410611503919e-02 7.002664252101001297e-02 7.562297295880381076e-02 6.686404553010426299e-02
8.311397443721095513e-02 8.644193262844247772e-02 8.269441075922363826e-02 7.818128242748484391e-02 1.007193607025979737e-01 8.766848706832137961e-02 8.655726033880457859e-02 9.916265613316652128e-02 9.005206432375272019e-02 7.722184515179955633e-02
9.737799643376786329e-02 9.865614408998991947e-02 9.723877236521322187e-02 9.491199960974580629e-02 1.020167625937764277e-01 8.534620024440082997e-02 1.014259783079567712e-01 1.112306620466326085e-01 1.139054615738953891e-01 9.259164694252654260e-02
9.223252432384426713e-02 1.166597680000414639e-01 1.220157722306484394e-01 1.238988608719873569e-01 1.113554098098244877e-01 1.086926257393631551e-01 1.004331150222192715e-01 1.126211487937953948e-01 1.144368665602032431e-01 1.090349996056441534e-01
1.094759936935302408e-01 1.379286655516651361e-01 1.494007250367492268e-01 1.445014824087648142e-01 1.439947477576076496e-01 1.394035503093315198e-01 1.099443172362365301e-01 1.358631668612052257e-01 1.190025639169784571e-01 1.052423314798083126e-01
1.452138873422413601e-01 1.602991109263883496e-01 1.791081566617430676e-01 1.544173754562385981e-01 1.621341922596294394e-01 1.451068757058892600e-01 1.403669754231511579e-01 1.448644234176391099e-01 1.557453615428470162e-01 1.389016983192042920e-01
1.503184832819481065e-01 1.861065563807584033e-01 2.032081748372534802e-01 1.672758721438988572e-01 1.690829915806764394e-01 1.742193683713874064e-01 1.690607902529435991e-01 1.587854529832255779e-01 1.850978205348286776e-01 1.942199297083314069e-01
1.797878959248060404e-01 1.897542179923239203e-01 2.067966321645247629e-01 1.791814417990612029e-01 1.895402915296893753e-01 2.179436829167420431e-01 1.905734735656330892e-01 1.928614632652780325e-01 1.959831662542161901e-01 1.992023776987167094e-01
1.879101702514846539e-01 1.993261275899163576e-01 2.259829712785734190e-01 1.937083620142091289e-01 2.150697480792132243e-01 2.129339071686858209e-01 1.855019015684028216e-01 2.158520932593585295e-01 2.160248906543735803e-01 2.093540465314404075e-01
2.093425304245337404e-01 2.351345870350849687e-01 2.357313746264108889e-01 2.133920626483654659e-01 2.368185357641915401e-01 2.025164956812690875e-01 2.038161093474024910e-01 2.597295264440839246e-01 2.444091512764037799e-01 2.751574173132519396e-01
2.572001818306778875e-01 2.471676121914320179e-01 2.329778750419974898e-01 2.427398698084538009e-01 2.460746234803075083e-01 2.544036646934206281e-01 2.220056270096865958e-01 2.594725174546808621e-01 2.558257842273229388e-01 2.760320474721814632e-01
3.155129405570806789e-01 2.685834601482790518e-01 2.387075527449706580e-01 2.962983780093569885e-01 2.704076738893297915e-01 2.931502722491604040e-01 2.410293225517865512e-01 2.770049329623500145e-01 2.743326191107436918e-01 2.697501007803540518e-01
3.640567705505445839e-01 3.483005952414860995e-01 2.975230495852109747e-01 3.142208932816613065e-01 2.717232967567278501e-01 2.865900147515881846e-01 3.014467602636227150e-01 2.848674960849833515e-01 3.034841926981892701e-01 2.745209012577239371e-01
3.872473749811901622e-01 3.418914047865614370e-01 3.374893997477707575e-01 3.895350973783059390e-01 3.110410929326452578e-01 3.429860409675516975e-01 3.279678555536859608e-01 3.148511638907405819e-01 3.328794328037614214e-01 3.085766042865538128e-01
3.951212027919155934e-01 3.120989173591569021e-01 3.934323439481933748e-01 3.899981116499325884e-01 3.653974424375042163e-01 3.309087363323449105e-01 3.642861137292671692e-01 3.877959944154865113e-01 3.886043877061862717e-01 3.576819100058604151e-01
3.878460394736574224e-01 3.537463025727480281e-01 4.024751631478932223e-01 3.903108512112191120e-01 4.075055076208664029e-01 4.003488608701180063e-01 4.651112793556279601e-01 4.181046420044551848e-01 4.136476890451902810e-01 3.881676675494956652e-01
4.862867591935141065e-01 3.862124213084016100e-01 3.988167196525201907e-01 4.335419746644300076e-01 4.847755406888445417e-01 4.735687352794136218e-01 4.647707167881239831e-01 4.022188962014541791e-01 4.302846441847789083e-01 4.047682244618969194e-01
4.742139354143969365e-01 3.991963210197136958e-01 4.209763154867235402e-01 5.143013906242834832e-01 4.630329317771617603e-01 4.867659213243812344e-01 4.111087454151935439e-01 3.938394671370045730e-01 4.411757746877487674e-01 4.755351508271392080e-01
4.490230501083644077e-01 4.956146557367286376e-01 4.208313819131250244e-01 4.723373261437818216e-01 4.655954006744086882e-01 4.891292495449650057e-01 4.560420143872476739e-01 4.564833435179818100e-01 4.976362586793954268e-01 5.062159153996971250e-01
5.494302744068281230e-01 5.160702239944088277e-01 4.716810554534462407e-01 4.889765286041752868e-01 5.578995743680558173e-01 4.778939336621123024e-01 4.585167886198370235e-01 5.131861885068806917e-01 4.640011048056244536e-01 4.384826785758739742e-01
5.038883893313774731e-01 5.153686226942756354e-01 4.825139893222940013e-01 5.113562997339571314e-01 5.783990743992115657e-01 5.328633512484217682e-01 4.732577549813227202e-01 5.269567318114172227e-01 5.098777827357918735e-01 5.170738932698651924e-01
5.697711290339562140e-01 5.253597635960594037e-01 5.448232967270965066e-01 5.729248627148869621e-01 5.656423242269806861e-01 5.961450166082927771e-01 5.128457582763259470e-01 4.940760715950078263e-01 5.157730387492803770e-01 5.725462184322731574e-01
5.304297568365947679e-01 5.891089200342395360e-01 5.475406727311613597e-01 5.555723831762789944e-01 5.151305472407833319e-01 5.950567746207816588e-01 5.573513894287774884e-01 5.247481192828549190e-01 5.437901218926968205e-01 5.869059669756567788e-01
5.737735619872396109e-01 6.184674655985570313e-01 6.208887955392510261e-01 5.470700794887041196e-01 5.595456331657108207e-01 6.477833247098182534e-01 5.990069737096394009e-01 5.679926714310462588e-01 6.231523377030229183e-01 6.392951610776814730e-01
5.401923076358304820e-01 5.754568245603014498e-01 7.209406075554932736e-01 5.958026641385747446e-01 6.208580644464956055e-01 6.744866102534564645e-01 6.064103238578679722e-01 5.608772657286051899e-01 6.365665495550664188e-01 6.276750820877863291e-01
6.321168042635552098e-01 6.303803823144110696e-01 6.782658075995027236e-01 5.981363659474385752e-01 6.961672237491669524e-01 6.595669133015685803e-01 6.367864787663275461e-01 6.157631759346048339e-01 6.164962761002655833e-01 6.072497500952128702e-01
6.703740439184827649e-01 7.014899591668187773e-01 7.519931414417777571e-01 6.955416413811634779e-01 7.077009385725202550e-01 5.891394403581339256e-01 6.592499706839206608e-01 7.147572768592922454e-01 7.506106607408460363e-01 6.048482339243649308e-01
6.447885787788988354e-01 7.366734962579531976e-01 7.012065833910967605e-01 6.945195374050816550e-01 7.409641819438720356e-01 5.603920192759580532e-01 7.750478730011123307e-01 7.508444389515421813e-01 7.553460801660080159e-01 6.965309235704715274e-01
7.126346327269551528e-01 6.912977363046940438e-01 6.725798637399692526e-01 6.817152181700115721e-01 7.150979229495674216e-01 6.428515363760569645e-01 7.921665081831672506e-01 6.479281003704876474e-01 7.526463360504239697e-01 7.426737577205813068e-01
6.879028205300830034e-01 6.932122466523092941e-01 6.674034839283884413e-01 7.272702890618398808e-01 7.433536163755704029e-01 6.708878299966088976e-01 6.897040280996291628e-01 6.776324509544766617e-01 7.362044528650618647e-01 7.774813256480727075e-01
7.486119027878045395e-01 7.494539479999449139e-01 8.080498538965534827e-01 7.548142181431352071e-01 6.439535184672287027e-01 7.686897574175795000e-01 7.353199086213695335e-01 7.285324577539268320e-01 7.679277768634438228e-01 7.050024345921598323e-01
7.557831411816422484e-01 8.589225875219330675e-01 7.373647801698791637e-01 7.207280759330287889e-01 7.058991754348765690e-01 8.049609108783030154e-01 7.918702505265092784e-01 7.067015981420172732e-01 7.669325796017427699e-01 7.721387317820611607e-01
7.664379182941803981e-01 6.990096020193102833e-01 7.513778300082925021e-01 8.202215358258928557e-01 7.015183838107779124e-01 8.429349380635998701e-01 7.472868426238866713e-01 9.447501184790761952e-01 7.230589161346855365e-01 7.041737556339181525e-01
7.929244513534969840e-01 7.135174858832047384e-01 7.561437346917663227e-01 8.237168792134338391e-01 8.066437494599099089e-01 8.918932496854927727e-01 7.344842933521404937e-01 9.823000260088858848e-01 7.535035715076280338e-01 7.618660996526168683e-01
7.717858532211585576e-01 8.867890371599387311e-01 7.776226718734321475e-01 7.941781589599239410e-01 7.854924177848214839e-01 9.095564168785480463e-01 7.632457589963292932e-01 8.395368264393266999e-01 8.033187979875869855e-01 8.197443495411548264e-01
7.880296204885831601e-01 8.972863120985786756e-01 9.686511985913803802e-01 8.402706752281542402e-01 8.256243799982095899e-01 8.764775112959976022e-01 8.178327012310228072e-01 8.231805575162495225e-01 9.420885592389195429e-01 7.971723971267292708e-01
7.273699226858534317e-01 8.298318867094465201e-01 1.034281696049279109e+00 8.627897490307500084e-01 9.035198424993011734e-01 8.562586651836912033e-01 8.991826539104540439e-01 7.744220491492739278e-01 9.929489203120773766e-01 7.589267189199512265e-01
