1.758649704586424917e-05 3.810336584472055599e-06 3.699090040095405550e-05 5.579867572352804547e-05 5.857475385170599931e-05 2.123928142445515870e-05 7.793170260564492543e-05 1.781809603493030088e-05 6.122826469735016992e-05 4.672043192615255226e-05
1.806590339924244820e-05 9.808587453166732194e-06 3.930403286769463140e-05 5.496826220047931847e-05 5.906011364700176924e-05 2.438305127963316511e-05 7.837650629744049213e-05 2.115445698749301426e-05 6.151375611549824828e-05 4.889677112595426325e-05
2.091936303851412099e-05 1.785852367004193140e-05 4.557179133801685783e-05 5.370258220424462822e-05 6.010894294453332211e-05 3.142254993096400557e-05 7.816284933580992247e-05 2.580377304811846923e-05 6.229025121898756293e-05 5.390650102125116121e-05
2.416989478241210985e-05 2.646460405683927005e-05 4.782151217759783406e-05 5.033732958458214939e-05 6.181078659889563084e-05 3.956418227669481884e-05 7.514228303627916721e-05 3.146215849346184912e-05 6.412734037260754499e-05 6.098174902697206333e-05
3.630555843888513286e-05 4.892358694223825316e-05 5.685173109840309852e-05 6.114112046735443800e-05 6.486946593753244487e-05 4.652961954221547752e-05 7.359786606948975885e-05 4.506333400603499355e-05 6.993425101895651421e-05 6.835870245103498717e-05
5.446227268002111515e-05 6.744187409001192572e-05 7.498833158772043740e-05 7.172913328784941654e-05 6.991078865373246169e-05 6.727376553555201432e-05 9.107095733632945302e-05 6.079532422875774368e-05 7.616790811823031724e-05 7.614757506128274646e-05
8.549785004255459984e-05 9.517121215719274768e-05 8.228412998895465907e-05 9.564534945689986956e-05 1.049852366456427774e-04 8.734203834960909719e-05 1.311881649036444691e-04 7.765962197867298886e-05 6.817647757396509418e-05 9.535738442442046687e-05
1.092144044621680236e-04 1.173816025174148191e-04 1.032252130865244472e-04 1.324291542568401458e-04 1.176551334942488558e-04 9.955441935132336299e-05 1.447682334488805680e-04 1.009106395042836155e-04 9.108915455599602079e-05 1.180326919971282708e-04
1.374890302287828535e-04 1.408962526659968226e-04 1.534035969361448640e-04 1.479633262397197883e-04 1.339203467597009417e-04 1.291213931192516419e-04 1.325806375080424847e-04 1.303917714763065769e-04 1.169824181036294082e-04 1.723403464198905964e-04
1.868344754797337181e-04 1.453372201065436628e-04 1.658021431830683707e-04 1.629896546375856974e-04 1.537469281441886093e-04 1.600677826873515191e-04 1.774711315553749739e-04 1.441353809057817847e-04 1.531315899284700958e-04 1.941468489032124487e-04
2.016184018404314335e-04 1.899130584359132222e-04 1.864241658845330820e-04 1.903146945966420521e-04 1.882173068364343164e-04 1.781489849520384572e-04 2.114114025445650632e-04 1.397462482085513413e-04 1.666360458706151219e-04 2.134361263637773868e-04
2.097426754785211653e-04 2.139451609266529702e-04 2.201853416419121009e-04 1.948398493202688274e-04 2.177038487149886683e-04 2.011673774239560819e-04 2.485349878792999178e-04 1.532729981777332373e-04 1.860053542879088167e-04 2.250400851613331451e-04
2.407996784531434475e-04 2.532346310089185872e-04 2.377949606233996675e-04 2.214620674124199540e-04 2.577994696128954079e-04 2.446751583776723298e-04 3.178106362702637659e-04 2.796625157318342121e-04 2.718552032836760168e-04 2.159790668218382781e-04
2.936967273303446352e-04 3.205846275927624325e-04 2.621778442397787738e-04 2.644963751688422511e-04 3.000435741644066120e-04 2.686711476905139558e-04 3.840063867440011319e-04 3.030795340390034383e-04 3.727853235219439785e-04 2.676332676169445863e-04
3.785166898805501128e-04 3.843873176349984675e-04 2.726307717864300093e-04 3.503885106381978841e-04 3.335206099216673895e-04 3.337987070548592734e-04 4.248622434684572267e-04 3.517338443229692485e-04 4.267935274206062306e-04 3.431083549181107519e-04
4.945611283443532898e-04 4.447759063248629338e-04 2.784522875254580830e-04 3.859770173838697016e-04 4.335243538578748240e-04 4.006994775215323192e-04 4.547388185558969963e-04 3.402060814065308372e-04 3.948103632745759441e-04 4.302440814332356795e-04
5.269521950597833406e-04 5.186228340734680030e-04 3.693748504519989758e-04 4.438465204836759262e-04 4.709211305936694637e-04 4.489300416013934994e-04 5.147378141014826531e-04 3.814543063441618812e-04 4.144001152066652694e-04 4.693516166546673378e-04
4.932870731660461607e-04 5.451028926218281232e-04 4.799552060793549238e-04 4.880009875757647538e-04 5.128616860957445431e-04 5.044552221847548685e-04 5.716340676683409920e-04 4.280508778876352229e-04 4.656060080420650342e-04 4.775849684840419596e-04
4.560851268278586076e-04 6.324849589132925179e-04 5.724241757485867789e-04 5.644640421318034527e-04 5.770273264512356488e-04 6.010310990667662098e-04 5.669698558753566561e-04 4.424169656191229648e-04 5.344014770674775311e-04 5.713316026197894732e-04
5.575915654316194623e-04 6.889040403921223212e-04 6.425537693338082739e-04 6.402566752740739258e-04 6.365737533718616179e-04 6.815885023388638725e-04 5.894072017555644204e-04 4.896929914887542847e-04 6.569969592753950897e-04 6.451658305223262118e-04
7.201650830309662583e-04 7.205264165880288091e-04 7.550036144194466033e-04 6.494182342448474995e-04 6.844820684781553668e-04 6.923716058992163266e-04 6.973960284492545375e-04 5.643310623160679431e-04 6.766576850338500626e-04 6.854676710228253464e-04
7.578592266889196388e-04 6.388669195067513172e-04 8.353657358144711163e-04 6.580816815077326562e-04 7.268409164015007719e-04 7.473106627787361352e-04 8.730664988300291824e-04 6.450565141045533878e-04 7.191752502321348836e-04 8.096898509757972538e-04
7.840762536484653829e-04 6.713168535026442464e-04 8.295707525633150108e-04 7.488074826147108785e-04 8.004279193166650421e-04 8.477358984540061398e-04 9.993264063459523627e-04 6.826788508929598634e-04 7.213410702189598962e-04 8.298243025526006508e-04
8.320128392946504097e-04 8.854603442015164874e-04 7.744359993293542608e-04 8.008454568224454388e-04 8.555124087497226583e-04 8.432014783413895216e-04 1.089907868835260883e-03 7.719543275040554936e-04 8.686387922623809441e-04 8.197271756201663252e-04
9.793617125616273147e-04 9.042973423760219346e-04 8.165381185098302122e-04 9.807995298633050054e-04 9.061818835142259080e-04 7.898436315023596617e-04 1.119354557780907972e-03 8.600616769145289506e-04 9.421057120396971081e-04 8.339812234546973690e-04
1.063359730778483999e-03 9.055643970030238582e-04 9.662030940143808127e-04 1.000687788231199816e-03 9.283048659500185273e-04 8.544826872406049685e-04 9.923265768300322792e-04 9.484238664478595281e-04 9.811277808481175429e-04 9.442621490098987869e-04
9.831771315026752948e-04 1.016328889702457477e-03 1.022836986290188250e-03 9.667607795051066152e-04 9.938381567242944928e-04 1.043225407875940543e-03 1.081967835565979556e-03 1.111883110621563701e-03 1.034739243074406538e-03 9.748104250216806099e-04
9.935000605249711281e-04 1.020175041601769240e-03 1.173455917352988175e-03 1.015172087144836435e-03 1.120011874190334237e-03 1.148624787047724085e-03 1.044956066268910811e-03 1.183746702573178515e-03 1.075788450062440272e-03 9.598722655099984962e-04
1.115557918071392440e-03 1.061706129824685875e-03 1.152379282995924471e-03 1.148214161994943767e-03 1.142307447882103758e-03 1.217342940688826260e-03 1.117413316779735516e-03 1.179391665549147164e-03 1.118501905004014264e-03 1.001685347303046987e-03
1.295017110691037586e-03 1.172341621552016591e-03 1.153672148974164936e-03 1.314361499281333509e-03 1.208387022286935321e-03 1.282094063311665704e-03 1.145366632142126280e-03 1.142433161102946512e-03 1.182784765091869725e-03 1.181593081744301528e-03
1.355671245440251589e-03 1.221808143863005718e-03 1.247695347416875270e-03 1.442838708228055735e-03 1.186843401160000543e-03 1.368950323988156253e-03 1.315390610583351506e-03 1.239556932531044953e-03 1.229038628297245399e-03 1.283888278264265102e-03
1.388589213550135010e-03 1.250374511157073759e-03 1.310284112172022423e-03 1.468204345676271541e-03 1.172332389974473175e-03 1.380832109770608858e-03 1.508962074843347425e-03 1.472343515484913308e-03 1.248069677991689138e-03 1.300972564592429081e-03
1.466354304910821643e-03 1.359600254094465825e-03 1.304268250385211617e-03 1.517735684976640170e-03 1.341155124797326027e-03 1.544926026605393521e-03 1.485935692171003533e-03 1.643293013669108694e-03 1.464956246933414368e-03 1.327937425441433339e-03
1.310445845937892578e-03 1.428904630503217716e-03 1.406600976432094505e-03 1.614978252974918127e-03 1.447868437987304352e-03 1.616277920285270030e-03 1.430565390730643115e-03 1.640037352412814864e-03 1.556994184603373733e-03 1.388066626735492796e-03
1.336413780382229161e-03 1.484284881029989843e-03 1.614007994868923773e-03 1.734678712128008169e-03 1.482150374488354610e-03 1.562153567355243234e-03 1.481609457677964805e-03 1.571083380284550189e-03 1.450159376457814918e-03 1.630726320391736456e-03
1.418439949865427704e-03 1.529269664007236332e-03 1.717570368919540827e-03 1.690735061018115758e-03 1.602300509637378384e-03 1.552412414777955881e-03 1.613790865721114734e-03 1.634031451477968707e-03 1.582493620214949631e-03 1.766719969062124094e-03
1.497403898833154189e-03 1.624491264405345317e-03 1.728689412784706423e-03 1.755437231321308996e-03 1.770726452969821185e-03 1.599399851474680090e-03 1.742323150480754425e-03 1.818719558970085821e-03 1.721562948092276177e-03 1.752198613423265041e-03
1.557537649859723006e-03 1.607220041403588373e-03 1.733488961412951029e-03 1.795578746961946437e-03 1.708875182851518539e-03 1.617199086046888952e-03 1.772682589143593536e-03 1.916317798883494577e-03 1.807915364649557944e-03 1.750356463252311515e-03
1.657037686523609322e-03 1.729063006101340220e-03 1.704737907726030632e-03 1.795333030020249826e-03 1.584093632556209845e-03 1.795848980229158972e-03 1.885527004272797083e-03 1.982554634260116303e-03 1.923658916338400523e-03 1.741638309021339981e-03
1.700107819819555955e-03 1.964405769234686162e-03 1.665130422587945882e-03 1.839018856266925192e-03 1.698232952560535265e-03 1.981097502761673679e-03 1.970535972218163002e-03 1.981739859933712503e-03 1.960116284197681042e-03 1.896158725974661247e-03
1.702139106869726042e-03 2.027948683791919691e-03 1.714373337070791356e-03 1.775253217143579450e-03 1.723033433664483347e-03 1.933067377636216687e-03 2.013973597928239538e-03 2.013159432249643239e-03 1.933291653355817975e-03 2.062837733727181534e-03
1.767553031398210904e-03 2.056102450819891590e-03 1.854758314920842413e-03 1.710682902993953744e-03 1.707463551570864929e-03 1.990108003501825113e-03 2.009377587495629527e-03 1.995703578791685300e-03 2.085023597190163724e-03 2.076348320616344667e-03
1.974108059162653101e-03 2.076299320344799065e-03 2.003378525294905767e-03 1.744311706199726210e-03 1.796426816435394824e-03 1.977246334897302810e-03 1.981810458783666087e-03 1.957679381374307064e-03 2.165714354920624148e-03 1.951636483913501150e-03
2.098812868781803256e-03 2.037320993158464773e-03 2.187069888692757657e-03 1.750917151291557679e-03 1.925046527860397238e-03 1.944387682098389818e-03 1.877799615250433374e-03 1.804536237976964988e-03 2.037114884186036912e-03 1.824253733986518338e-03
1.979551169222846640e-03 1.952351969024281346e-03 2.192583520558176111e-03 1.778183501271106024e-03 1.914996263365344913e-03 2.102690804226582839e-03 1.719764967632026733e-03 1.742028504429013165e-03 1.943222965699978842e-03 1.877321831364087102e-03
2.024243150191261560e-03 1.992859262475674912e-03 2.097414472298877227e-03 1.797982530030625995e-03 1.770489222921853810e-03 2.192778729285633447e-03 1.678182465272361071e-03 1.838853955315776891e-03 1.891664003878537397e-03 1.904458245165824423e-03
2.157800990056313491e-03 2.118705930049361984e-03 2.059499970437498814e-03 1.883936771280992099e-03 1.755606770146637052e-03 2.172229568735919384e-03 1.737534178986300604e-03 2.006751335472899654e-03 1.948195847365986628e-03 1.799961626435025910e-03
2.125409004385353171e-03 2.138729467088499626e-03 2.030115780892923112e-03 1.972903170042835524e-03 1.951589259907968946e-03 2.096785509927560128e-03 1.791347793945456028e-03 2.117642591307214005e-03 2.043790433999148008e-03 1.756920954397685588e-03
