2.604147574610015184e-02 1.732065668110862808e-02 1.462461013412381383e-01 3.457044500071019405e-02 1.860009529263793177e-02 2.032400093804482763e-02 1.310251117372112327e-02 2.236666092388118685e-02 2.341104617770684015e-02 1.251216328650103446e-02
3.358842522261390462e-02 2.191915031595711646e-02 6.880909157060610681e-02 2.443437055551524531e-02 1.890031740887502393e-02 7.469266738239109180e-03 1.673846316197757575e-02 3.709958907752647361e-02 2.792794445456122515e-02 1.752381857514400190e-02
4.163172528536707162e-02 3.039106994786629212e-02 5.585594081383755960e-02 1.828171458620376361e-02 2.287529993661694544e-02 4.964661390869814367e-03 2.399859487486116771e-02 3.539228856517724620e-02 2.362134924008851833e-02 1.497907787458736123e-02
5.111716419522864541e-02 2.835158395168198286e-02 9.124842161738554169e-02 2.556629147251419584e-02 1.987261527021198099e-02 6.042701988097639448e-03 2.575863232512703646e-02 3.620657062861159375e-02 2.075815319325821987e-02 1.802027781967521780e-02
5.951994934163248874e-02 2.243925058770365397e-02 7.575680380745920817e-02 2.101039581072533871e-02 2.081550096010430576e-02 6.972905882567203076e-03 2.770216944307440574e-02 3.034306658305266358e-02 2.441931928582002573e-02 1.242804202940573678e-02
5.157189849077625787e-02 2.390526284295607998e-02 7.465723236196641910e-02 2.845912574622886868e-02 1.986449789244532430e-02 6.137875223085990754e-03 3.109639932515727637e-02 2.386214451106078924e-02 2.637354988689942503e-02 1.274634917307745224e-02
4.793422695826310420e-02 3.128389757341682592e-02 9.505938899119927010e-02 2.402005408425631622e-02 2.360646838301990597e-02 7.756238626188649912e-03 2.478398421077590563e-02 2.766225561617617623e-02 3.418162074041749404e-02 1.820592084945383410e-02
4.581957503973190654e-02 2.905460787485114604e-02 7.886381684886550891e-02 2.142691536889368767e-02 1.670586031462856225e-02 9.948041690367953258e-03 2.769743369076218750e-02 3.380099904999079446e-02 2.860167339931698680e-02 2.064620515933155917e-02
4.299481792645646477e-02 2.699465794734089152e-02 7.593459037800075195e-02 2.045410657295204312e-02 1.643677013494780625e-02 1.092862136210554121e-02 3.089019047114574187e-02 3.481041327879672020e-02 2.986431197773092502e-02 1.903214764591123001e-02
4.091443685723571838e-02 2.658658534769990298e-02 7.451888466806280698e-02 2.741799607396089647e-02 1.915283064206382141e-02 1.667737889739424537e-02 2.907457384836399650e-02 3.793205304093692776e-02 3.038589746041038195e-02 2.031522989566070941e-02
4.315670055919819392e-02 2.959662444235436340e-02 8.278112452983964198e-02 2.220872210268063848e-02 2.458066897129863523e-02 1.520003129795386050e-02 3.020675065306826709e-02 4.139153931198764208e-02 3.162347739266735402e-02 1.936091549771955939e-02
4.249474203488079471e-02 3.048259475445667596e-02 7.702973302696225488e-02 1.871324778770174294e-02 2.714909837100025480e-02 1.564243243266272981e-02 3.561858980961798982e-02 4.467193749516639584e-02 3.161543576073663764e-02 1.979415111604809763e-02
4.655333990056258198e-02 3.525872746552601716e-02 7.270130415541778413e-02 2.330526340796709034e-02 2.915019565959291181e-02 2.134168668691341364e-02 4.130624562913434022e-02 4.982564152996336870e-02 3.797637184457029746e-02 2.170138043383607399e-02
4.993273425889454414e-02 3.489306408364647311e-02 7.571071464203836532e-02 2.691345566561571812e-02 2.757739949916135705e-02 1.923355760613582738e-02 4.252246213778845124e-02 5.267967115891461494e-02 4.244835073321760743e-02 2.717849144213119530e-02
4.528266989544962179e-02 3.282772368864235457e-02 7.568294817519800877e-02 3.148036486704131054e-02 2.790956827956195263e-02 2.603994153493593630e-02 3.613591113758337497e-02 4.814555525372467282e-02 3.832021260800752560e-02 3.795862772261079238e-02
4.328320239969611627e-02 3.208636252261537480e-02 7.710069385709401868e-02 2.845746187039524880e-02 4.071295130056747091e-02 3.523389175188730571e-02 3.453937113872679321e-02 4.944260708781200719e-02 3.402148881089376437e-02 3.692869456532679728e-02
5.181856096136062267e-02 3.605465729115853168e-02 7.858104326107458182e-02 2.615451003034945793e-02 5.015748311915962931e-02 3.806815344929027900e-02 3.589922271144372484e-02 4.849261671251851175e-02 3.667644816185763879e-02 3.808673368031733480e-02
4.953983264525382846e-02 4.526982838098180667e-02 7.996925048129203961e-02 3.112187745214542098e-02 5.267107278148190630e-02 4.418066954770606680e-02 3.422898730292831676e-02 4.811874462196974456e-02 3.669538908182041342e-02 4.377150930993406464e-02
5.867898769439294088e-02 4.307329699411358709e-02 8.294806967919027274e-02 3.356922735827359838e-02 5.729935983038718372e-02 4.860978280398171175e-02 3.277683803740466528e-02 5.131842291449806998e-02 3.892257697752327106e-02 4.023406591464723930e-02
6.947972504025470841e-02 4.631729739810210716e-02 8.144537678625657362e-02 3.077455426671957608e-02 6.799184945334833807e-02 4.884008680284598891e-02 2.865288864883175704e-02 4.780045516337207839e-02 3.450538325633606407e-02 4.396597678782421942e-02
7.177480743950433173e-02 5.230162329643864988e-02 7.933339380061293911e-02 3.204029119557400690e-02 7.149613676318107569e-02 4.911193832402653558e-02 2.917841212499309306e-02 4.549950947455930900e-02 3.591468938367767955e-02 4.889208553929572099e-02
7.352638983944448370e-02 5.510614729176615406e-02 8.337465014537451258e-02 2.920407753182041252e-02 7.081011212502763552e-02 5.491689648260247164e-02 3.029209223693952666e-02 4.656814778504913405e-02 4.112217858942644744e-02 4.289138574741674370e-02
8.166399569289739535e-02 5.760738290621440078e-02 8.090560527072356012e-02 3.298105945098442349e-02 7.843812282202398956e-02 5.962553133044238424e-02 3.556375924380105608e-02 5.032664581595409220e-02 5.012226478057291157e-02 4.069220832656180592e-02
7.851229913305644847e-02 6.448963083042193178e-02 8.246960016200939603e-02 3.783403629519600103e-02 6.890360770632047993e-02 5.538088770039169273e-02 4.053479432335505700e-02 5.344227747408334533e-02 5.423347311475188587e-02 4.296733226810422329e-02
7.074036969480594628e-02 5.652191280939122126e-02 9.111741555123359371e-02 4.720228234290078928e-02 6.849633187927819944e-02 5.607623912908192565e-02 3.610141536397893508e-02 5.505067732669934738e-02 5.553731104201339169e-02 4.355170803410327030e-02
7.316901951712001528e-02 5.240829150598650538e-02 9.383275819995769151e-02 4.487763658499924202e-02 7.087054569598263964e-02 4.831595428679531096e-02 3.619169712894970692e-02 6.378098700497306095e-02 5.832973846029582826e-02 4.789105681280302063e-02
8.345847346108589693e-02 5.742145582998775533e-02 9.476312822045669659e-02 4.349729620924485535e-02 7.055344093038809494e-02 5.250138229951019364e-02 5.156039105411452939e-02 6.751953307900573908e-02 6.498968239591898510e-02 4.841998530692227104e-02
1.109891901368570688e-01 6.169927716089766701e-02 9.028769007899439814e-02 4.351253327316415009e-02 8.043003651421712363e-02 5.959406989002289518e-02 5.951957683902326518e-02 6.332290576928094328e-02 6.719882595161423555e-02 4.976830862635008013e-02
1.053523972293183286e-01 6.796968999794150701e-02 7.892462809525566114e-02 5.060948886074308900e-02 7.248257180479447670e-02 5.817082090388189797e-02 5.661651486970412789e-02 5.979077839118490667e-02 7.583621250466640595e-02 5.522021019167527162e-02
1.010846188411157476e-01 9.110904028080475670e-02 7.803436388375568911e-02 4.553219390929025973e-02 7.012378276601685667e-02 6.481433929915113301e-02 6.891228818050804117e-02 6.209867102280822865e-02 8.971792225843115698e-02 6.454769575776379831e-02
1.201344191592875893e-01 9.723255412237433171e-02 9.187255051397090477e-02 4.922568688636403539e-02 7.702900733440035119e-02 6.804508394128612470e-02 7.825659557422288970e-02 6.220952619547837070e-02 8.122347609753036157e-02 6.078311160022727144e-02
9.893626003777283850e-02 8.998451414950749128e-02 9.425244079807400255e-02 5.186606633835443708e-02 7.079301121251749263e-02 7.124527118253100311e-02 7.291554367545176329e-02 6.356828592154067925e-02 8.133242613134059051e-02 6.775317082262845292e-02
9.963136038570874486e-02 8.254590656726326636e-02 9.904411327402068421e-02 5.057535112626869445e-02 7.003852173506035228e-02 7.834549644186282469e-02 6.651929603636577704e-02 5.594575342488695979e-02 8.103702512522836798e-02 7.137054165554763963e-02
1.041005162706304388e-01 8.690764736631403919e-02 9.082328289086828710e-02 4.631744570859158000e-02 6.482320483268877442e-02 8.067549019774224173e-02 6.283245521539899958e-02 5.917183326198954124e-02 8.650657595435766456e-02 7.730859711564463943e-02
1.094459932636994842e-01 8.746739979815711108e-02 9.237061046184075197e-02 5.228498136363226440e-02 6.425017745224061161e-02 9.633662472629818396e-02 5.808506361689836500e-02 6.935295119850766465e-02 8.538806249867773868e-02 9.089173547344335524e-02
1.017535741047159992e-01 9.033822892054665932e-02 1.013482603062048765e-01 5.126546568805262494e-02 7.078829996947769154e-02 1.141657624395015919e-01 6.328605623867480934e-02 6.403614867005819056e-02 7.673176559904944238e-02 9.457686867855984170e-02
1.086856033037085223e-01 9.625817582465352740e-02 9.175025614410231567e-02 5.929983253185242692e-02 8.967182991207510445e-02 1.197145818042080340e-01 7.027218632287932087e-02 6.609820732554931577e-02 7.212256964992209973e-02 9.824640401947740131e-02
1.295192797530728135e-01 1.002522265552817371e-01 9.422452017913668376e-02 8.250613911201355732e-02 8.622956979467984173e-02 1.070632503494964860e-01 7.638696658055517397e-02 7.654721660798990968e-02 9.303359717130153805e-02 1.087205168228643770e-01
1.347744514195188537e-01 1.104779788489945042e-01 9.578853987828876704e-02 9.187309284714073598e-02 9.425597467039027733e-02 9.882331474965791451e-02 8.828875618264077352e-02 8.513370996255474610e-02 1.084772935361348195e-01 1.181811422952767782e-01
1.533445121432757408e-01 1.155229806749495242e-01 9.716208194637628026e-02 1.052955755443645142e-01 1.001951004677894275e-01 1.020864643588498405e-01 9.806462646889636814e-02 7.978864956085458815e-02 1.177052595254245992e-01 1.220208032310282353e-01
1.667808219882129794e-01 1.222255508493103049e-01 1.106458787169123520e-01 1.227708295413757200e-01 1.085433479649690613e-01 1.007167111610502291e-01 8.976795673538896791e-02 9.083275040951048485e-02 1.122717975316536165e-01 1.475801788120648383e-01
1.752860500883076933e-01 1.292623219874007579e-01 1.461822861908730065e-01 1.356877997989261453e-01 1.028815249941274629e-01 1.137440011184024935e-01 9.668961982736364036e-02 9.648245062638632907e-02 1.201692602619257033e-01 1.504786685930089851e-01
1.794815402255365844e-01 1.516024394310351298e-01 1.592269513902795364e-01 1.384954427011288181e-01 1.231502990750472509e-01 1.368261529812096755e-01 1.178387387283697380e-01 1.045923650373193486e-01 1.369320241423060414e-01 1.750997604271480879e-01
1.989711113524627595e-01 1.569414592291612509e-01 1.871046806283582775e-01 1.668605070680144742e-01 1.391559092145964183e-01 1.675854541430471245e-01 1.332214707520599228e-01 1.454850065367168654e-01 1.524598946407239863e-01 1.786383104925092502e-01
2.468090342865120468e-01 1.889489716817412124e-01 2.004060887947098357e-01 2.009767604664878526e-01 1.685900749605729332e-01 2.058206369926283141e-01 1.533141716181841974e-01 1.846699605706170755e-01 1.830478980509318565e-01 2.044772227916966389e-01
2.739213579567669199e-01 2.637045469875569093e-01 2.403653804298173380e-01 2.522857725515015304e-01 2.063788746432511367e-01 2.718131944247221821e-01 2.126189403190968386e-01 2.180122313999326156e-01 2.436272721248233797e-01 2.511934712151546734e-01
3.691580868137293581e-01 3.598618822695065500e-01 3.748790660630201277e-01 3.472341120630158540e-01 3.473512547315047994e-01 3.760015935139679466e-01 3.766761693185030624e-01 3.486656570834488211e-01 3.898026767146292593e-01 3.669226514688993523e-01
5.960977607529784894e-01 5.850399384638627076e-01 6.106927478266781506e-01 5.973764782806503248e-01 6.466603973731961386e-01 6.743335688154188379e-01 6.887216506248133863e-01 5.813072234120568726e-01 6.406588800490651270e-01 6.217490677041568325e-01
