3.874947901415815368e-03 8.100373241277313355e-03 3.791363493718777344e-02 2.035715319783399507e-02 3.747877977197722199e-03 2.387030127647481875e-02 1.271334769710307129e-02 2.373069502303308542e-03 1.559440279421245822e-02 3.069446862660114763e-03
5.104863338087140164e-03 1.055831445667369979e-02 1.776699257547293201e-02 1.438536689588486121e-02 5.600173637517415551e-03 6.867637951284187060e-03 1.556731928575087222e-02 4.446088642857217062e-03 1.772771998063873977e-02 5.105621165946761832e-03
5.355342882294103143e-03 1.499654938343921405e-02 1.476762579696277132e-02 1.067341227588779022e-02 7.741115473725748534e-03 4.285603645982721983e-03 2.216938569730560887e-02 5.366318294117455347e-03 1.472197521550378148e-02 5.839846981743087966e-03
7.685135417371347609e-03 1.521785499759031879e-02 2.401010659706952557e-02 1.468708410583272062e-02 7.974236039311462937e-03 4.900153926519052426e-03 2.325126483249391474e-02 6.664915853512780840e-03 1.275271010704275704e-02 8.956683487062484100e-03
1.004069109154385499e-02 1.280364210340194202e-02 2.031740611889722853e-02 1.102980975998466874e-02 1.004432101705295642e-02 6.558640892042116519e-03 2.541790392684292396e-02 6.675014825707805896e-03 1.425248868570756777e-02 7.359403186835485923e-03
1.047515404306263026e-02 1.396552400486805040e-02 1.983236737340052583e-02 1.394525829217467885e-02 1.183808274499818271e-02 7.745542226947068135e-03 2.781598197880147394e-02 6.651946384872089654e-03 1.462428195822787665e-02 7.672351609055568997e-03
1.230551689680490883e-02 1.866345519726222979e-02 2.486279497075266631e-02 1.245882151177425679e-02 1.664996069152627212e-02 1.015590281832907948e-02 2.185216200726470062e-02 8.388667529363088779e-03 1.916598373703273100e-02 1.088147521033796215e-02
1.419983246389891658e-02 1.846274546822394141e-02 2.100613694102076989e-02 1.167900191078926307e-02 1.553425078675996218e-02 1.205522839987586796e-02 2.283859740946593553e-02 1.014750902232842630e-02 1.541455290324983754e-02 1.390236727908618526e-02
1.506907311323815030e-02 1.789012522218829532e-02 2.119187129759278823e-02 1.179818000625324458e-02 1.679273749724522966e-02 1.285358791987054917e-02 2.413080051980182397e-02 1.061604031374573098e-02 1.669742385030088469e-02 1.404836436059002380e-02
1.531582979116461948e-02 1.800465119017073332e-02 2.067498787588059259e-02 1.590835220551584800e-02 1.987058368849082754e-02 1.668422954863078844e-02 2.222087354024918776e-02 1.220384175847410990e-02 1.821824737180522888e-02 1.714954343757602029e-02
1.728451729516212662e-02 2.136480164928105524e-02 2.350523364424633374e-02 1.506127886890710164e-02 2.426347296770606232e-02 1.758163351802361635e-02 2.092859009422957939e-02 1.356772979488186925e-02 2.034351502690459959e-02 1.775316130144608331e-02
1.894018321963435864e-02 2.402068742299472495e-02 2.264281584074587933e-02 1.394408302018143933e-02 2.527442223721949877e-02 1.961997005580048622e-02 2.155582295395921943e-02 1.454490376887308985e-02 1.939862861662335417e-02 1.818530840787960234e-02
2.260472571145469289e-02 2.659040668161078910e-02 2.285776402768161658e-02 1.564867376742570468e-02 2.622460859042722442e-02 2.258449803514241822e-02 2.316195480948692736e-02 1.662759955285739166e-02 2.218294252472902822e-02 1.806792722960862477e-02
2.487818753406152716e-02 2.541049589875410061e-02 2.545045743914178815e-02 1.675933655227651586e-02 2.510160424998054973e-02 1.913766700931382111e-02 2.457000236781603161e-02 1.803333133041167685e-02 2.661418635897152413e-02 1.885036176467430255e-02
2.350099090494983320e-02 2.422173466975756015e-02 2.601727915053239984e-02 1.874309731727101178e-02 2.437962827089027590e-02 2.091094735718635259e-02 2.440264550565036245e-02 1.783891894175834367e-02 2.582866337501987797e-02 2.335964319462124905e-02
2.376303479790405765e-02 2.546229814465645475e-02 2.660930541097587462e-02 1.782473309417948251e-02 3.056910495798895525e-02 2.435177684673042742e-02 2.624355717684176761e-02 1.940891754246022033e-02 2.400434217761139924e-02 2.334327953428195004e-02
2.795787451857680711e-02 2.946947481866183174e-02 2.771188491810664192e-02 1.785188304464406170e-02 3.316364786186767888e-02 2.342909849301184552e-02 2.874649285486623879e-02 2.014951792515047926e-02 2.691393290288693341e-02 2.451666456759849996e-02
2.597273681894751371e-02 3.459825203863458459e-02 2.851047340119510290e-02 2.194024922195671884e-02 3.078150539685729076e-02 2.558695875884347062e-02 2.879865504180591576e-02 2.141068079420600789e-02 2.757462418220901074e-02 2.837821051946643261e-02
2.874673082612215144e-02 3.382106475780866789e-02 3.096921200630709664e-02 2.748471495336476944e-02 3.023870143657019990e-02 2.848304737871316245e-02 3.081458298459615469e-02 2.397447075522026599e-02 3.036910533043519697e-02 2.674421609078201506e-02
3.158825246017908650e-02 3.691770615911224573e-02 3.223624409086735948e-02 2.698551027122800261e-02 3.183306289508844311e-02 2.919982053338313760e-02 3.044126171715848608e-02 2.317571429269116648e-02 2.975693308330751990e-02 2.795178632497305124e-02
3.127632921249046821e-02 4.092553546144803850e-02 3.208178585618927381e-02 2.859230159110008607e-02 3.112747955673646205e-02 3.013637973775741205e-02 3.152656279420654184e-02 2.435986370725088529e-02 3.115553421982449056e-02 3.094161333878675188e-02
3.227048100471537756e-02 4.366818797993047424e-02 3.452876591764706543e-02 3.024432183326787940e-02 3.065250028146981887e-02 3.461512995642399698e-02 3.039062028489323761e-02 2.747248158896578238e-02 3.039556560176318728e-02 2.984278179405022713e-02
3.671751339878344400e-02 4.681308412975919431e-02 3.405311284700904967e-02 3.239947596829990256e-02 3.404903639310170177e-02 3.821951224301665950e-02 3.170969761348672172e-02 3.125154163913587690e-02 3.127213221100785118e-02 3.220374578849819619e-02
3.681293544062622797e-02 5.478618440057701766e-02 3.606523423096575504e-02 3.239835467633620653e-02 3.131795011132471052e-02 3.520516393047021936e-02 3.459315263913587818e-02 3.114266711552364161e-02 3.369772311385856728e-02 3.481469266647835292e-02
3.406021412930205355e-02 5.142436971075683982e-02 3.953572316939414633e-02 3.749991889001040579e-02 3.392570186747319999e-02 3.595561361578665516e-02 3.404402364796978858e-02 3.043299455844376139e-02 3.678306863648232727e-02 3.426484073479982295e-02
3.397472679119415556e-02 4.947730858545334315e-02 4.051959904728776735e-02 3.779511357457173565e-02 3.766844564072171359e-02 3.224014456387572225e-02 3.584962548065184079e-02 3.470134228444879398e-02 3.884750781188905933e-02 3.527916800275050085e-02
3.655115902083851120e-02 5.219729513718207592e-02 4.253959659129841198e-02 3.968863329517882677e-02 3.953354027333098875e-02 3.283918167849821795e-02 4.399038628977836735e-02 3.736986557086944410e-02 4.044283512328693958e-02 3.558030567668712951e-02
4.491757822094882141e-02 5.220304508366805513e-02 4.313764925370834613e-02 4.195169157372296426e-02 4.763744383763088286e-02 3.366314653271245544e-02 4.369586159776762263e-02 3.878213061121821986e-02 4.082453797410774687e-02 3.737638326199270444e-02
4.223974289957230926e-02 5.053635013043600299e-02 4.122472958964745748e-02 4.930485075853715399e-02 4.583985865914324415e-02 3.197258856818474548e-02 3.976397074133021514e-02 4.101309772043211510e-02 4.277369757654069654e-02 4.007026731112336981e-02
4.207841075388623481e-02 5.918985680902372898e-02 4.130582227708152337e-02 4.426848016633310595e-02 4.682837654265765287e-02 3.449024306856100092e-02 4.515561253142957171e-02 4.698268248148589760e-02 4.644007692226596873e-02 4.575573213928092742e-02
5.210693593962018033e-02 6.148649979136774912e-02 4.651445788861560682e-02 4.614729182637177657e-02 5.327501179907196543e-02 3.592096538197066258e-02 4.839493393666067372e-02 5.155055312591344530e-02 4.383186143238047838e-02 4.542074753164174888e-02
4.515424934432710896e-02 5.998275914042846407e-02 4.720065399476638945e-02 5.076964081803438111e-02 5.300848974386931922e-02 3.909985451722974154e-02 4.740961977000859168e-02 5.809975220562724196e-02 4.662576926268719585e-02 4.861111952845508649e-02
4.648603885092401217e-02 5.835976210639708811e-02 4.863132702084475151e-02 5.589879392445225997e-02 5.522231778251367879e-02 4.361690899355271517e-02 4.790561497711790656e-02 5.740952157089554420e-02 4.818720761278267456e-02 4.949564185588384291e-02
4.969887255556832556e-02 6.245478264460058160e-02 4.616197067960110811e-02 5.584603350758485241e-02 5.335710077486181119e-02 4.340592015151208127e-02 5.077051840617069489e-02 6.284042308961700074e-02 5.318948425295305649e-02 5.046389304059095693e-02
5.398161876134582177e-02 6.281876211565384782e-02 5.204408595933709969e-02 6.203739275641819567e-02 5.686327927815762462e-02 4.775207704150279120e-02 5.036910274072468191e-02 6.969245257434394936e-02 5.668353126998636193e-02 5.457607151041297955e-02
5.492939516504580233e-02 6.280203415194723915e-02 5.954552722907762580e-02 6.076315319024024747e-02 6.356135790040894074e-02 5.516601598534594947e-02 5.404277392452319639e-02 6.395737913255353235e-02 5.667951306789962423e-02 5.579359882114620639e-02
6.365952319027713691e-02 6.455615409626905277e-02 5.723326818479959610e-02 6.038338272311698229e-02 7.460106568532459681e-02 6.023236013307687459e-02 5.907496382034172627e-02 6.705657296018951996e-02 5.650723090855101077e-02 5.731797326243191770e-02
7.431754488069523823e-02 6.653622542926168615e-02 6.177548557888460495e-02 6.983911313953478084e-02 7.245081219776705606e-02 5.710465305459660329e-02 6.025961488660436238e-02 7.761340030160090997e-02 6.999628938792977484e-02 6.187932786228527576e-02
7.429294467377281497e-02 7.068777303211887242e-02 6.607377268525189973e-02 7.017356427808622843e-02 8.103104501747689092e-02 5.657418051379865115e-02 6.436634071099578414e-02 8.467631776778250519e-02 7.361199195543410845e-02 6.671721475402858648e-02
8.395659615960823774e-02 7.295688902173226575e-02 7.100346417406916411e-02 7.474174059427857175e-02 8.436016600451706760e-02 6.325657489169465852e-02 6.976589416981690550e-02 7.810367536058133997e-02 7.181286495502357814e-02 6.722921676411344749e-02
9.264365278625394384e-02 7.920470328647238878e-02 8.334512189278815708e-02 7.882084085245256999e-02 9.104199305216573168e-02 6.972037650412088450e-02 6.536782756578245202e-02 8.978097898737473492e-02 6.784050023757043357e-02 7.956160926080151075e-02
1.033603493230930842e-01 8.668116994503992367e-02 1.085278216146616376e-01 8.200718115595499735e-02 8.914036943844816374e-02 8.190396741199311437e-02 7.044632846845418073e-02 9.380851596041279994e-02 7.499793497279408361e-02 8.103614052804272716e-02
1.147722960701238054e-01 1.029246370198776267e-01 1.198454242684208332e-01 8.361691708857557637e-02 1.074449010135222760e-01 9.937703928371056927e-02 8.313182878647440432e-02 9.593109709207395253e-02 8.690703042689708335e-02 9.448765951206958280e-02
1.345957055433095184e-01 1.088462228595390296e-01 1.420935741109343731e-01 1.043579740193722044e-01 1.207058210449284547e-01 1.243268064370907228e-01 9.250408467818366232e-02 1.236992013919456790e-01 9.858722758269441999e-02 1.015589398891502959e-01
1.719627343019275723e-01 1.396068144304586922e-01 1.593725322198068228e-01 1.308993403477082262e-01 1.482767033244130617e-01 1.577547083242222814e-01 1.116313281466844720e-01 1.560849260771622338e-01 1.230602567294882127e-01 1.299223859135852921e-01
2.063302048914221198e-01 2.089912357287256051e-01 2.112358566498169499e-01 1.807664285181064812e-01 1.903018976110933680e-01 2.202470851854223255e-01 1.745008902223664782e-01 1.926757255117715895e-01 1.807471596048232931e-01 1.865121822452273370e-01
3.204320365100928325e-01 3.188685540413836450e-01 3.564243447350957661e-01 2.957144751332918542e-01 3.367896114952500519e-01 3.386529963654786868e-01 3.462472190538568029e-01 3.236676455818237041e-01 3.354264871216379729e-01 3.163874327462328218e-01
5.656125752536150797e-01 5.605993901993603368e-01 6.019833269413441545e-01 5.634757713665257128e-01 6.433701987509699016e-01 6.459645569122206554e-01 6.651299902945096987e-01 5.623688573982693617e-01 6.015349689293504332e-01 5.857074553931418404e-01
