2.810820172047339652e-05 8.516404404630960887e-05 3.175401630773333608e-05 8.752706303264955212e-05 1.539527492416203645e-05 1.187575526108254414e-04 1.334621012538879414e-04 2.545262409158078199e-05 1.952139198768978280e-05 3.118360093017684490e-05
3.831053116208343060e-05 8.757066291307299011e-05 3.081478293787084005e-05 8.652962027525117647e-05 2.232631858067762220e-05 1.208410118909165459e-04 1.365752638815116390e-04 2.750702965801950551e-05 2.371381361476837695e-05 3.488832866245018973e-05
5.027226833011122546e-05 9.447156151140694859e-05 3.427430788293790541e-05 9.004198278922104475e-05 2.611704474795651089e-05 1.217178567942431793e-04 1.345602226800304065e-04 2.643874490157644653e-05 3.594404544049995502e-05 4.904954381258500110e-05
6.072231969389277681e-05 1.060091403917371702e-04 3.830480637601236821e-05 9.548253247945784328e-05 3.538179352064442859e-05 1.176458318915032773e-04 1.331999865178991056e-04 2.714846992939829338e-05 4.241409779664150319e-05 6.995633444381193806e-05
7.848693843917049588e-05 1.152241001118660694e-04 4.808817888733723259e-05 9.386797971332465525e-05 5.279387525012594376e-05 1.149117240539928127e-04 1.362540454365243484e-04 3.497384855645414603e-05 5.514006505548363460e-05 8.613376856085261119e-05
9.890802125506427324e-05 1.250238342060809615e-04 6.500974853625729748e-05 9.394955874851260472e-05 6.277843507354648601e-05 1.160153164858184751e-04 1.478799940051718856e-04 4.050866253898342562e-05 6.978506178013931004e-05 1.055289554752396417e-04
1.164707649034859834e-04 1.293464127161605547e-04 7.844691761253684537e-05 9.707218287130587524e-05 6.415045149267636253e-05 1.234640874208259450e-04 1.567857094010520317e-04 4.526831493032432602e-05 8.030423165106520111e-05 1.317596508959657439e-04
1.240189818940832839e-04 1.299306843464701963e-04 9.609160846348428081e-05 1.003908895808278980e-04 7.108462878315794568e-05 1.260699985218176409e-04 1.643611239221107125e-04 4.731205846318273754e-05 9.059861800906569146e-05 1.624347928506102352e-04
1.211406982113936450e-04 1.341789603088076681e-04 1.071697812670124183e-04 9.931741601498107459e-05 7.918052471635535119e-05 1.253941590790771401e-04 1.702894181990587791e-04 5.582035816435984874e-05 1.028246876542860696e-04 1.876625071945304407e-04
1.111293266180090326e-04 1.410848029760852611e-04 1.106460398240639116e-04 9.280080415605120264e-05 8.864971689747078761e-05 1.456628900954353616e-04 1.705254628606795646e-04 7.473227621184440079e-05 1.174779741849980380e-04 2.022361135269675099e-04
1.119388997979235326e-04 1.499059427560318599e-04 1.139619815867703908e-04 8.925083008480624457e-05 1.049141204016457174e-04 1.655011071398764248e-04 1.715397894068029045e-04 9.108830561962444892e-05 1.293677319190048383e-04 2.140931990026581275e-04
1.256011437908952392e-04 1.537428490467644335e-04 1.221662723580293813e-04 9.378955715176879161e-05 1.270042322610891920e-04 1.803047255072982543e-04 1.646261476531782775e-04 9.650828528690722137e-05 1.516384213941320458e-04 2.334819798721986901e-04
1.553271629257288423e-04 1.492067994043325325e-04 1.250951381548808536e-04 1.047761620151620838e-04 1.495789427758678820e-04 2.055628976945355496e-04 1.571713418702223473e-04 1.031028114934214810e-04 1.752771540103308242e-04 2.526747094675379276e-04
1.916602519469789230e-04 1.558611384783837662e-04 1.356794975514957042e-04 1.145519939704980666e-04 1.684191324592572414e-04 2.292033843872941646e-04 1.663894702962774488e-04 1.401791926227955224e-04 1.910363814615061596e-04 2.726150201074264978e-04
2.109016604528071281e-04 1.663009183114117526e-04 1.511694106378887799e-04 1.221814290116589763e-04 1.872747081069035672e-04 2.315725118486519889e-04 1.837858797776326656e-04 1.661048026982280706e-04 1.877263555636881232e-04 2.776124444533349190e-04
2.312781454129533973e-04 1.706348981845674860e-04 1.541283732800050629e-04 1.277871875216650811e-04 2.012763923534944632e-04 2.307131309470202203e-04 1.811785109135167539e-04 1.772303843563406819e-04 1.910720025729800264e-04 2.749621827483944483e-04
2.481447655214636034e-04 1.836264873441233289e-04 1.613271882191344333e-04 1.456894683100322808e-04 2.210074841065638707e-04 2.455645153914182729e-04 1.751480045583600346e-04 1.835276328572078884e-04 2.102657115986530836e-04 2.688672648264147031e-04
2.756900563589076512e-04 2.222381406677347937e-04 1.779790674970155838e-04 1.907740316563263775e-04 2.603351675814606376e-04 2.730990218928299514e-04 1.915946952042056541e-04 1.883174290270216112e-04 2.449761104986030997e-04 2.718448073784853381e-04
3.096352514657021559e-04 2.452440536653504688e-04 2.118162677584084421e-04 2.177524290268381560e-04 3.216230972231683117e-04 2.822243354290010085e-04 2.266035169151989844e-04 2.063280207525860447e-04 2.630766420960101507e-04 2.752427522254438587e-04
3.326467563636239405e-04 2.840736530735805954e-04 2.619574692917188744e-04 2.210651808907979987e-04 3.639257776847328778e-04 2.936721312120642476e-04 2.687849808325883734e-04 2.332527424270388282e-04 2.570394949972693325e-04 2.831253468238011887e-04
3.454020386100318087e-04 3.171151621543417411e-04 3.006431436010961983e-04 2.560845849967875124e-04 3.848876129266998354e-04 3.089345028485342083e-04 2.911733158130301721e-04 2.785236579902495560e-04 2.741621460695573237e-04 3.113288867808855238e-04
3.509556557939901467e-04 3.311059233215622689e-04 3.667749941520312006e-04 3.112056261512786666e-04 3.842183356333048671e-04 3.320253009780405116e-04 2.991513266460758521e-04 3.157008385950283553e-04 3.117261368107324105e-04 3.469494836917517869e-04
3.344138062857625326e-04 3.434643812782163324e-04 4.008450749152841423e-04 3.738296922953095679e-04 3.797216008184465001e-04 3.593449987560525189e-04 3.028022433270255941e-04 3.449983062499663647e-04 3.359964043237783694e-04 3.735997111534138386e-04
3.578083175467539068e-04 4.423229524122402581e-04 4.172405870820715791e-04 4.277261362425627137e-04 4.089529349698074918e-04 3.846244117554606422e-04 3.432427516877244395e-04 4.169368551223531566e-04 4.060177134825587860e-04 3.845803240800280392e-04
4.357200609223086567e-04 5.358952264164331195e-04 4.242344271547604604e-04 4.574907597068502297e-04 4.446892440211372378e-04 4.616541886613617423e-04 4.306254847445813530e-04 4.879584885725892656e-04 4.582078007282693608e-04 4.003443504640803513e-04
4.989571366049543044e-04 5.713810501970727727e-04 4.888678958252485425e-04 4.896167744282743390e-04 4.768512769028739268e-04 5.435328047864337831e-04 5.365506416725405190e-04 5.009866872635194545e-04 5.076893302067817014e-04 4.333278980575913522e-04
5.813316766272896060e-04 6.138025525470686356e-04 5.937675088481068073e-04 5.652474186688846670e-04 5.931090268981351705e-04 6.106106048618303644e-04 6.028886736879644553e-04 5.263364623112385234e-04 5.986274362559172550e-04 4.874912340891209700e-04
7.053961456159839587e-04 6.442989691215015441e-04 7.013910124242980207e-04 7.249534356440431610e-04 7.240549901514850171e-04 6.598363922562446460e-04 6.608861104628254790e-04 6.319971806598197054e-04 6.933890022510787567e-04 5.943765760771968802e-04
8.027557870456014828e-04 6.669815035337826794e-04 7.507982642584455331e-04 8.786868728377826782e-04 8.232220300360475152e-04 7.125208138380375580e-04 8.509232217175163740e-04 7.280737421686138714e-04 7.699017866230798519e-04 7.153932505162854906e-04
8.508854542188845193e-04 7.545630745307040695e-04 8.121205139533420672e-04 9.235257881855968862e-04 9.553224260589582816e-04 7.877486929929061223e-04 1.006767029196453840e-03 8.518896850296885613e-04 8.858169960011290020e-04 7.385606344382971214e-04
9.727541972592534643e-04 9.513501146781032803e-04 8.625897174176258260e-04 9.785774172215338032e-04 1.102987588291368028e-03 9.162357952302376159e-04 1.080148405684974505e-03 9.719194818571870887e-04 9.934902239608978721e-04 8.067566974197548126e-04
1.158749268825243033e-03 1.077172611488093172e-03 9.838199633639764085e-04 1.092156883066757248e-03 1.194848044205169997e-03 1.071364035469874430e-03 1.151836272695939446e-03 1.041225789353065123e-03 1.128616545913965546e-03 9.555648264214294460e-04
1.207240774069959872e-03 1.150586797027015884e-03 1.110152883700555974e-03 1.169080821346799677e-03 1.252987370092638721e-03 1.220406880045313584e-03 1.177428082887534188e-03 1.139073659747856168e-03 1.256970771968253476e-03 1.116128558844120154e-03
1.220195756617360435e-03 1.316753050232650222e-03 1.128074494772297095e-03 1.264017907752566132e-03 1.391365327514580870e-03 1.360448207931908666e-03 1.254770493934244738e-03 1.274841670091025284e-03 1.411096462998308885e-03 1.346367935076805055e-03
1.284345603917729515e-03 1.500342746862686058e-03 1.260459577261075544e-03 1.303871068863413736e-03 1.541980426987790047e-03 1.332118415298797062e-03 1.446566373661034447e-03 1.449631358140788780e-03 1.590927684497920594e-03 1.540981614953956975e-03
1.487416349005078828e-03 1.736573993718005171e-03 1.477528665063016031e-03 1.398364453013214428e-03 1.648969783651501675e-03 1.482405652981181937e-03 1.600209353224421507e-03 1.741929946593701343e-03 1.759341852252410774e-03 1.684154690550487658e-03
1.764131280653847764e-03 1.971199016529090031e-03 1.667731973350874281e-03 1.497674912593142168e-03 1.869805186230295065e-03 1.895354871737929374e-03 1.833114084927938217e-03 1.900395576872355042e-03 1.875340313223551342e-03 1.820156463394003799e-03
1.888368851886084755e-03 2.214105867226871978e-03 1.858453230632480272e-03 1.647024609070940789e-03 2.067802139627914794e-03 2.243067650090475873e-03 2.066281120560516105e-03 1.879258275735368319e-03 2.097367450655213388e-03 1.908437964183394607e-03
2.043739919955080142e-03 2.530543089730945445e-03 1.965833993867377016e-03 1.784216584247684013e-03 2.043102713687507295e-03 2.430878287938170734e-03 2.236358130550117514e-03 1.982843532770231770e-03 2.362317188106827486e-03 2.134934566160179292e-03
2.231757986101666046e-03 2.733105917380103736e-03 2.188822598938571038e-03 1.925161416121591064e-03 2.346758939752717921e-03 2.477247751866976360e-03 2.399705584966889405e-03 2.301616340803219231e-03 2.472416842786147578e-03 2.244207143238020636e-03
2.611487076799016809e-03 2.860413928397748887e-03 2.631334243090837754e-03 2.382078654730795768e-03 2.685337125958288818e-03 2.512473947289072581e-03 2.694249906550321479e-03 2.697478248644693058e-03 2.339000645599638353e-03 2.521302999443145437e-03
2.944354638199823005e-03 2.888074552960912325e-03 2.900892862571283464e-03 2.908195455253674306e-03 2.875688366139066490e-03 2.483839317909861469e-03 2.882356398758388269e-03 2.966042967560018982e-03 2.521671324879283266e-03 2.861305141895493370e-03
3.060281302978815846e-03 3.153763750105702344e-03 3.078835351639588793e-03 3.028155967007489530e-03 2.873092790900586176e-03 2.628053768147553797e-03 3.081788318731389174e-03 3.241366260345737889e-03 2.954549577077909654e-03 3.080750402188134514e-03
3.174511599377304819e-03 3.495215827196367694e-03 3.281714228946043792e-03 3.178583132277116360e-03 2.842371049701909909e-03 2.840184708085296932e-03 3.434218411045756193e-03 3.308823343856691183e-03 3.075616397508724488e-03 3.078273008022112782e-03
3.497113652696849304e-03 3.600774553187546280e-03 3.344663522592256685e-03 3.339853374994032620e-03 3.224258310411664934e-03 3.149911829159644620e-03 3.758449626211829431e-03 3.517875646182894687e-03 3.234965554515646310e-03 3.457336908570441628e-03
3.737758601141372237e-03 3.744651600100666958e-03 3.546275015723469176e-03 3.516993996603410416e-03 3.597680860874054136e-03 3.637556458064661411e-03 4.164451113057458798e-03 3.788536840419753221e-03 3.927197389125062360e-03 3.989081762975237033e-03
3.774779864651074939e-03 4.017047769907643867e-03 3.911588038190556317e-03 3.858083797783112140e-03 3.829539581465899161e-03 4.081185745405607225e-03 4.220462071992700341e-03 3.866387316818313113e-03 4.362762829146075647e-03 4.253402760887733773e-03
3.675008631732942874e-03 4.037564267778979976e-03 4.153534166410954853e-03 3.873314097582717178e-03 3.849410823751741456e-03 4.089830979634001551e-03 3.993637445972129420e-03 3.924949835648985398e-03 4.198374639786970307e-03 4.157018885555400882e-03
