1.593561900694783417e-04 2.467946801218639337e-04 1.317996680569243041e-04 7.957556456689004662e-05 3.009910643303283554e-04 1.073413431393884730e-04 1.461721820197377925e-04 1.934552915738289207e-04 1.853661918613346406e-04 1.266876474801980127e-04
1.596969701861443371e-04 2.470171950959122275e-04 1.322014482178225344e-04 8.068067321004029240e-05 3.010891531693732251e-04 1.077800716108562166e-04 1.466801624450510884e-04 1.937167335710410427e-04 1.856850220403271322e-04 1.274362512401106700e-04
1.607924567419744704e-04 2.477779984500642408e-04 1.335355037130857834e-04 8.397704198560639694e-05 3.014831358045811900e-04 1.092127979967307715e-04 1.482325086115589426e-04 1.945643406203343903e-04 1.867239768280014290e-04 1.298410511769835553e-04
1.632652612896025063e-04 2.497275087907589166e-04 1.365220664571697962e-04 9.028093309765304120e-05 3.027516316922687807e-04 1.130343037216774492e-04 1.517545623187319809e-04 1.970028712173019366e-04 1.893522797087790867e-04 1.351176084100587436e-04
1.642970741867500752e-04 2.511559469987924569e-04 1.380009016833348430e-04 9.464736679154276669e-05 3.033326751799761260e-04 1.161255193385510087e-04 1.542876869001938379e-04 1.982710097226092732e-04 1.912802017416889450e-04 1.393327212121759045e-04
1.679062370699777181e-04 2.544723451483985759e-04 1.428166243664476319e-04 1.042187455867224450e-04 3.047342528852228262e-04 1.217538233596221248e-04 1.592392937914979497e-04 2.008360355917302462e-04 1.945856683252884431e-04 1.471158437437329115e-04
1.706677365278093611e-04 2.571516616316339254e-04 1.463760091747692436e-04 1.106966481842987682e-04 3.057887141969620214e-04 1.252330369922156992e-04 1.642480517076437313e-04 2.036121193309469129e-04 1.985305931378290932e-04 1.533710994640755045e-04
1.755441129423715451e-04 2.615291087501492762e-04 1.520017390858307822e-04 1.193234137839079988e-04 3.076162941920603379e-04 1.299364155436083231e-04 1.705452247960842819e-04 2.063442888775426432e-04 2.028247174876380090e-04 1.617729093041959812e-04
1.813677783378945835e-04 2.664033508530615733e-04 1.573590831620840533e-04 1.272987767654861337e-04 3.096654909714532554e-04 1.346720251802364910e-04 1.768236137590175651e-04 2.089748775780695214e-04 2.070192594003205234e-04 1.705127220969645759e-04
1.885290278296901281e-04 2.715757045354736635e-04 1.629232020864455443e-04 1.348802375172273855e-04 3.119232570599125018e-04 1.398510205599462692e-04 1.825847365317570103e-04 2.123638616674946797e-04 2.119822609131653585e-04 1.793651782170472273e-04
1.975439057863772750e-04 2.774076897336588275e-04 1.679249469018454129e-04 1.426043586015005504e-04 3.140255183515575348e-04 1.456172731883292025e-04 1.884524701617046306e-04 2.162821209555300297e-04 2.175576553359708507e-04 1.899751880265056301e-04
2.074420554622050431e-04 2.846825223039115699e-04 1.731114104453916939e-04 1.491842640594760673e-04 3.166041386745687422e-04 1.519555660541250456e-04 1.947183978816667972e-04 2.209485352509105963e-04 2.224879793848076278e-04 2.006069939517087636e-04
2.165290203231146104e-04 2.927214208447928437e-04 1.801849274255083874e-04 1.558940597215864360e-04 3.188122584934538787e-04 1.562787114361016368e-04 2.018215805893938946e-04 2.261387985983738947e-04 2.267702855122948763e-04 2.122606251309727883e-04
2.250710527369010011e-04 3.011069862939119257e-04 1.890197050187047533e-04 1.627578156735316208e-04 3.210566992816961439e-04 1.590862455346273127e-04 2.108536401842337990e-04 2.335650046494622159e-04 2.316498045383991221e-04 2.249258930777211834e-04
2.325038414408431427e-04 3.088204665840121096e-04 1.980634476406053872e-04 1.692205199453141080e-04 3.249351432530142060e-04 1.605140150755056242e-04 2.192598761907706497e-04 2.413554629060851904e-04 2.364626476159493117e-04 2.371958183137643742e-04
2.422850167154935882e-04 3.164271344516916265e-04 2.094981106773536673e-04 1.761168851746689476e-04 3.286637960920216575e-04 1.623801775296675621e-04 2.245312379527189799e-04 2.508846216926145355e-04 2.391514633043707535e-04 2.491696115869835703e-04
2.525696976860230636e-04 3.247901656393716702e-04 2.207684427554648708e-04 1.850833477779718970e-04 3.317973122453530491e-04 1.705783752461347350e-04 2.305021516695864730e-04 2.644863278412646897e-04 2.407824652281178159e-04 2.606457885333380675e-04
2.644519867499451737e-04 3.354439116714475833e-04 2.297135045008254347e-04 1.996000186832393088e-04 3.365711302750736336e-04 1.856206558425839100e-04 2.431851971363007021e-04 2.785773248851366557e-04 2.441501838803411821e-04 2.729776274243440187e-04
2.761097448519840417e-04 3.458820419538863756e-04 2.385342184116137089e-04 2.151516870019095035e-04 3.422410745669197149e-04 2.022486403933580854e-04 2.588078991261210000e-04 2.891230643925334228e-04 2.506419339794630115e-04 2.864318619139866575e-04
2.882853810660636275e-04 3.565650375143829699e-04 2.484673898203278641e-04 2.284735700947325226e-04 3.489739918811196996e-04 2.171931481977038567e-04 2.746304576321231057e-04 2.963565717929386874e-04 2.560596936659982809e-04 3.008966013993641603e-04
3.010919637758962967e-04 3.683419124788539804e-04 2.600749627816733461e-04 2.381821253733513533e-04 3.552152662457741593e-04 2.306713593071839147e-04 2.872613377127343232e-04 3.020595698118454155e-04 2.600633502133649745e-04 3.120689134725888382e-04
3.093338307114652341e-04 3.811577903293939668e-04 2.729765591528174958e-04 2.498035932798635980e-04 3.648542240595593856e-04 2.441011581628957166e-04 2.975824121558555716e-04 3.085908336733444676e-04 2.682679278441857992e-04 3.227410995750824786e-04
3.107898057379085855e-04 3.958006859549143149e-04 2.846594850009295948e-04 2.678703899809798230e-04 3.800003733237063337e-04 2.546026224059509289e-04 3.123024323279700062e-04 3.210388174091064915e-04 2.829027571524326797e-04 3.334866991854149943e-04
3.173703658727944962e-04 4.115860356459615779e-04 2.950010402501786005e-04 2.887475317662301219e-04 3.984986845799747446e-04 2.647008805314277026e-04 3.295267142588469622e-04 3.344269814510338599e-04 2.942117353320161492e-04 3.451723259372008212e-04
3.305492628100385115e-04 4.303853236705459657e-04 3.087589612776636032e-04 3.072451422708522071e-04 4.193472420890050740e-04 2.828072393723354209e-04 3.483946192192070228e-04 3.482609665578271325e-04 3.054417716156911469e-04 3.590090842810686467e-04
3.403329649060767991e-04 4.471446445973801522e-04 3.336204659934402538e-04 3.258302936524433879e-04 4.452938577584623285e-04 3.037997806013605648e-04 3.710685665876628059e-04 3.678206423471433971e-04 3.218661237240485551e-04 3.757180301567856887e-04
3.503145369708179154e-04 4.675614948103020167e-04 3.616608995235452532e-04 3.421064197752475013e-04 4.732600978016913659e-04 3.189489398903458872e-04 3.948138766676710090e-04 3.899071802960625771e-04 3.389658101215398296e-04 3.929958352195823392e-04
3.639405642195722018e-04 4.889846847406782542e-04 3.863416908076043230e-04 3.623132772656863882e-04 4.959043145155164149e-04 3.302349937787961757e-04 4.259632583111937383e-04 4.096786788127368319e-04 3.563032520894035852e-04 4.103156680917662263e-04
3.764396292658910817e-04 5.083360804849485328e-04 4.230633696731428439e-04 3.892424722670443033e-04 5.120950303547296438e-04 3.525698711000857326e-04 4.600528269079752182e-04 4.336309090878936751e-04 3.767088842777396407e-04 4.339554619362146772e-04
3.789415084793046578e-04 5.268339273911923663e-04 4.616651550211934652e-04 4.199009285260189460e-04 5.314214741701843653e-04 3.846366932538937931e-04 4.837590373728805617e-04 4.519881776904597411e-04 3.875348948492032342e-04 4.591632185251469877e-04
3.796494713477538744e-04 5.526574697807360315e-04 4.878704412459302048e-04 4.511484212160883872e-04 5.585680700567692602e-04 4.238391378000086192e-04 5.038233010683676417e-04 4.611931156100029490e-04 3.942647158615422633e-04 4.826899380180280650e-04
3.783077962485048833e-04 5.765099480193059669e-04 5.028886570891765275e-04 4.785455795475016569e-04 5.891644087128238786e-04 4.718778414800104499e-04 5.368594741962629761e-04 4.604406169677354756e-04 4.068467841605853566e-04 5.095249377532445455e-04
3.865305914254830240e-04 5.979512223439199629e-04 5.119542917971152364e-04 4.980624530512804812e-04 6.134175313501943113e-04 5.288732979879016234e-04 5.780854762431010454e-04 4.626934822585180283e-04 4.362448083311005879e-04 5.500007083099043605e-04
4.045850671535679201e-04 6.260395403387392478e-04 5.094770388900518110e-04 5.281475407452887938e-04 6.201121248779898135e-04 5.822040932559924579e-04 6.239621746174828405e-04 4.640868505521112742e-04 4.778910599101028481e-04 6.070092918509969711e-04
4.259627856310282219e-04 6.465935492141064792e-04 5.053299384335430047e-04 5.619420325552204089e-04 6.133732005905409871e-04 6.257521860626719242e-04 6.620441993567816041e-04 4.728205844430609394e-04 5.090165250349426530e-04 6.590334371465593520e-04
4.606836692018075009e-04 6.611069957733708329e-04 5.119597094176812652e-04 5.903514708299139289e-04 6.065191828599856422e-04 6.652802873566934262e-04 6.834672057923009457e-04 5.064889518817335167e-04 5.360421333257156225e-04 6.941077352295122686e-04
5.267613664121360319e-04 6.759589102556022794e-04 5.345774546923221524e-04 6.180560434467797766e-04 5.888750203207318481e-04 6.960138039125284438e-04 6.964978765609464639e-04 5.781807088868052375e-04 5.587536215466573988e-04 7.084126864121932047e-04
6.010801893751345363e-04 6.931156386551929737e-04 5.865564609136453712e-04 6.230457355275385292e-04 5.548297975045570320e-04 6.956974315765111858e-04 7.224231029648650734e-04 6.466858845569802136e-04 5.576767552926777984e-04 7.197989459597559569e-04
6.544952115497146500e-04 6.877261169105401088e-04 6.454052126427236788e-04 6.419230653459574590e-04 5.262698092366731133e-04 6.656748418405238283e-04 7.483298190841445284e-04 6.721905507013730937e-04 5.483982090609973176e-04 7.420206154297743356e-04
7.591546862474523672e-04 6.995252284547863334e-04 7.173502903712157411e-04 7.814088272089339841e-04 6.390143277345836439e-04 6.315915609831959090e-04 7.907418108870930109e-04 7.609312859858569133e-04 6.434393253321567122e-04 8.082922705624815502e-04
1.116881197050074515e-03 1.055881557211025635e-03 1.163666903146772045e-03 1.225680214280141416e-03 1.157117980790613046e-03 8.749762220937069975e-04 1.142666050548858800e-03 1.142938689496107588e-03 1.103387652444145746e-03 1.179504578314143374e-03
2.313392084418138331e-03 2.548246198839994054e-03 2.649919536019197490e-03 2.476271319908657231e-03 2.361598693133689243e-03 1.941459414285673238e-03 2.382382606548740216e-03 2.156435659217493042e-03 2.357092742839246146e-03 2.274571460590874006e-03
nan nan nan nan nan nan nan nan nan nan
nan nan nan nan nan nan nan nan nan nan
nan nan nan nan nan nan nan nan nan nan
nan nan nan nan nan nan nan nan nan nan
nan nan nan nan nan nan nan nan nan nan
nan nan nan nan nan nan nan nan nan nan
