1.721009469516986774e-04 1.833062440157784726e-04 9.510128236221204506e-05 5.038578388475886785e-05 1.842870783167597809e-04 1.817739921609944304e-04 1.399399158971769243e-04 9.977771860738714107e-05 2.450712110835879176e-04 2.220320725729941005e-04
1.722970183574853932e-04 1.835479134429163813e-04 9.553770678699923793e-05 5.156515619887551470e-05 1.845202973605197816e-04 1.819555392756959324e-04 1.404754453072948762e-04 1.001645903841776470e-04 2.452296823883502730e-04 2.224022080016676097e-04
1.729564674889902973e-04 1.842144711186738935e-04 9.716052305671310670e-05 5.562816412617706897e-05 1.854360328980841639e-04 1.826412824204894623e-04 1.421981272400343009e-04 1.015204412214810401e-04 2.458909242412277325e-04 2.238369882185539607e-04
1.743130887836687811e-04 1.861564216391569770e-04 1.002747646045339119e-04 6.221624598722749690e-05 1.870860772064769065e-04 1.842235688334329540e-04 1.452022554968737764e-04 1.044472189620999415e-04 2.470110333841575774e-04 2.261796155167121881e-04
1.765431205128143886e-04 1.888972132024125566e-04 1.058525746192761003e-04 7.134355927302934791e-05 1.896792183486764854e-04 1.869760774517468323e-04 1.501773135726145792e-04 1.087799270704323403e-04 2.492021110455204524e-04 2.297572443538230128e-04
1.808121414831385216e-04 1.940608319791490622e-04 1.136245393099061496e-04 8.403493261572911170e-05 1.942022573882007136e-04 1.907175312554010500e-04 1.575585694631269069e-04 1.154727104657472228e-04 2.524569340590791301e-04 2.345843865098908812e-04
1.876256357388247497e-04 2.011226801813567708e-04 1.260257804341468192e-04 1.000161418303048241e-04 1.998424051769581895e-04 1.961970366696925430e-04 1.679812067224517006e-04 1.226767373356728807e-04 2.585737567632948844e-04 2.416164274927984021e-04
1.968365905329446308e-04 2.120032710289503639e-04 1.392115647755280542e-04 1.155141473157756592e-04 2.081677381252550511e-04 2.060385714940695919e-04 1.811530868710818664e-04 1.326741192969845874e-04 2.658552767632584783e-04 2.501667347496488894e-04
2.088280781737486026e-04 2.250471118640407105e-04 1.598791977601580810e-04 1.375283152850103816e-04 2.203550916946475213e-04 2.186493215848810524e-04 1.942463478707866979e-04 1.500782116470711206e-04 2.772914286756410305e-04 2.615884318653603573e-04
2.322937344806457979e-04 2.406798032341826894e-04 1.803839384805932839e-04 1.633075162694363406e-04 2.339678314321930500e-04 2.351150188996272393e-04 2.110952045557748090e-04 1.743707740207311888e-04 2.905421976755388313e-04 2.829417986282912524e-04
2.573052878362826852e-04 2.630257469490600145e-04 2.030188584111388697e-04 1.839223473138929693e-04 2.525278253583387519e-04 2.524580785588316414e-04 2.348453554695459345e-04 1.916854381346442659e-04 3.021689829893354487e-04 3.002374763552800559e-04
2.776585278500114931e-04 2.874699864465403323e-04 2.305433643816789285e-04 2.152147049140106026e-04 2.798903136933906860e-04 2.630704637682237078e-04 2.610610150660363496e-04 2.183267661404677412e-04 3.200869504506919706e-04 3.229499625073985994e-04
3.056571326663857753e-04 3.223761622186502199e-04 2.597186342361598840e-04 2.435548982884194985e-04 3.098155378201558835e-04 2.880096436950581795e-04 3.001248804725296037e-04 2.711376093761848371e-04 3.491517200163814965e-04 3.527806163517851145e-04
3.301872949032885448e-04 3.540781880950303489e-04 2.967635812224465462e-04 2.810500320083451128e-04 3.407307624866771217e-04 3.161207371772703739e-04 3.287671384350438560e-04 2.962441615479586903e-04 3.806688850938102229e-04 3.914342061040626021e-04
3.699974337227367638e-04 3.837151916835800005e-04 3.524112798088222822e-04 3.384840722973319737e-04 3.599215011726468656e-04 3.622863229201617142e-04 3.484204263299685625e-04 3.313615911181905975e-04 4.023017993410896121e-04 4.379626967325364302e-04
3.967071407342278688e-04 4.189471643487918716e-04 4.064253542899966178e-04 3.988913613823399733e-04 4.041354237602737980e-04 4.207753007008896667e-04 3.977691785008201017e-04 3.898334464154406577e-04 4.374660186860583047e-04 4.724739972663108195e-04
4.625583700115286985e-04 4.635653895813263300e-04 4.399060978341387388e-04 4.719227064553775403e-04 4.635120776300458005e-04 4.752724852016984255e-04 4.698401864587295473e-04 4.467270418620486114e-04 4.754095198941815669e-04 5.082581606735697569e-04
5.248622067383780076e-04 5.147486576595441043e-04 5.272346851289922906e-04 5.226773372571125740e-04 5.100822488432862813e-04 5.183199143870116871e-04 5.154305465843767075e-04 5.174390870199675838e-04 5.390841261372450758e-04 5.703577778368343993e-04
6.146525529608573698e-04 6.015204629157260702e-04 5.697517836099793816e-04 5.622642219411997213e-04 5.576439131382828970e-04 5.558525988785206848e-04 5.643805483627852611e-04 5.693763142028735900e-04 5.551240002902580991e-04 6.200367115124803602e-04
6.786657994093697093e-04 6.582958326387928051e-04 5.867697331998695306e-04 5.926385914155900443e-04 6.162196169326328993e-04 6.345549265296273906e-04 6.229779468604211600e-04 6.256104400253382916e-04 6.259754122770762709e-04 6.432044985305052651e-04
6.778177805052137831e-04 7.107736932843982530e-04 6.618561824796975312e-04 6.984548370850540960e-04 7.241457209441572781e-04 7.101104443940336325e-04 7.056376535948473590e-04 7.330206570020385195e-04 7.024430900737647140e-04 7.221056352543940224e-04
6.904288572119627460e-04 8.105845795089954139e-04 7.273605661630270797e-04 7.941381275107752729e-04 7.697284652828542510e-04 7.284447281534517805e-04 8.338320215420018605e-04 8.513070091931197216e-04 8.081799961867550640e-04 7.405086060908298330e-04
8.409907487708212894e-04 8.592019012786321049e-04 7.790769956215924056e-04 8.323149414667590585e-04 8.018881688123534772e-04 7.790809778461156316e-04 8.675363237191143634e-04 8.524392382350368157e-04 8.336248793244039126e-04 8.048100061162630822e-04
9.279294403729121529e-04 9.702963258655632065e-04 8.781484963829552836e-04 9.027206561448088184e-04 9.086942219883144874e-04 8.505873689912806521e-04 8.362375210793216015e-04 9.032739128160805452e-04 9.026197162620865468e-04 8.820037141787835135e-04
9.353905360330120591e-04 1.077337314893114014e-03 1.014965094503521596e-03 1.037940401674024337e-03 1.062929468163086207e-03 9.422253296506769666e-04 9.533438398182345367e-04 1.001601033673783130e-03 1.017228557898897448e-03 9.410930190500308096e-04
1.023352118447203593e-03 1.241708809099779150e-03 1.049242535413127822e-03 1.101214375970791057e-03 1.164122859217417774e-03 1.053447146302332769e-03 9.983062413542842344e-04 1.029168704233027589e-03 1.061568347649011722e-03 1.036215991959603053e-03
1.104544369740812892e-03 1.225620132166827360e-03 1.128561200614483940e-03 1.221349717731136505e-03 1.257018923093786242e-03 1.143545346622479352e-03 1.190989085456922725e-03 1.049931269243083165e-03 1.224415089164771668e-03 1.149222734600935294e-03
1.244245597894684660e-03 1.238531341527339576e-03 1.412473955444027091e-03 1.332081912654619130e-03 1.291343016487930080e-03 1.285699873034304745e-03 1.314255604120591944e-03 1.250172157946980497e-03 1.411216392600373945e-03 1.303451084959823640e-03
1.291464700226604761e-03 1.412651502304264816e-03 1.468910871213153406e-03 1.344713176389504983e-03 1.385240089814507216e-03 1.349762603777420649e-03 1.285194435288076770e-03 1.334748287727472024e-03 1.403460749159883688e-03 1.401777598525277835e-03
1.448024510740253705e-03 1.650288695508223252e-03 1.477235413881065190e-03 1.468525105258371936e-03 1.506527256656968808e-03 1.437902737146417274e-03 1.359117388793319985e-03 1.428075717453658336e-03 1.551200791517160600e-03 1.521843984545433398e-03
1.522153575808422692e-03 1.704620566140228020e-03 1.548226849225542955e-03 1.526306693996847897e-03 1.628167910164525804e-03 1.613220865855834792e-03 1.552944681543105701e-03 1.456794156573888374e-03 1.758730841741126252e-03 1.705915799760509893e-03
1.691529308809945056e-03 1.878659633428927120e-03 1.635736731684693567e-03 1.570661867135080426e-03 1.689208819626833837e-03 1.693325346737800446e-03 1.622356997595960628e-03 1.650733386993880883e-03 1.820758229062662513e-03 1.886302565336270710e-03
1.830036448323448840e-03 2.007477548287076898e-03 1.686961039812929705e-03 1.866944576547248900e-03 1.834792865482585142e-03 1.793428981508899235e-03 1.736201060136966521e-03 1.768204748640605671e-03 1.858432609928468981e-03 2.003658166022519258e-03
1.828845801016677850e-03 1.827244453115873168e-03 1.851852173515816267e-03 2.051129751993088085e-03 2.028471519093798334e-03 1.858575977809143014e-03 1.856560845345321242e-03 1.966377574904484751e-03 1.840936836826903393e-03 1.927740584891125385e-03
1.919564271031655575e-03 2.041421068809035153e-03 2.024466981117396033e-03 2.227641248215302301e-03 2.305968739431573083e-03 2.099145345795648803e-03 2.038207649914551643e-03 2.105124262883410237e-03 2.054164076152325148e-03 2.104392261874201212e-03
2.143574752119950175e-03 2.169798359756769206e-03 2.134651855082166094e-03 2.330771893269810695e-03 2.339764660247580386e-03 2.355146186543926375e-03 2.395612905198501313e-03 2.213442604083000129e-03 2.135333254879740253e-03 2.349766996273762801e-03
2.025923779165493630e-03 2.380398836471780879e-03 2.199454112573811810e-03 2.206543144573305630e-03 2.292218594374200846e-03 2.262899750194313862e-03 2.654666693167087501e-03 2.178760240610982165e-03 1.993375704456588036e-03 2.355249246877637922e-03
1.972678611545505920e-03 2.368947416920690399e-03 2.302517695313161666e-03 2.392262451977798538e-03 2.288700425845445995e-03 2.404916821759997721e-03 2.657427491606538430e-03 1.968323339609588836e-03 2.064082617024575600e-03 2.466819059508686910e-03
2.369601986100505764e-03 2.609528684718918131e-03 2.486124871006605962e-03 2.663858846401572812e-03 2.423949919045670625e-03 2.495390964082763816e-03 2.611121138302770379e-03 2.394830328763457566e-03 2.340530893255907997e-03 2.446934061429673849e-03
2.306811037550442114e-03 2.801351495299985589e-03 2.531805676852292349e-03 2.295487024811203140e-03 2.632360326650323799e-03 2.586134141210498071e-03 2.722984965533021065e-03 2.553331383164007297e-03 2.251762523238158131e-03 2.608379386523229735e-03
2.340969382067879107e-03 2.752168191422197686e-03 2.657776994231722274e-03 2.426673156887982491e-03 2.354894940688649543e-03 2.588516898519748095e-03 2.534170892784714732e-03 2.507950728024718745e-03 2.361875934500227026e-03 2.957221154258787930e-03
2.274281869300991826e-03 2.720816415480346341e-03 2.637563999516259142e-03 2.657458720607035110e-03 2.685115324258565382e-03 2.327403330034791187e-03 2.639770862964488981e-03 2.585691451036111008e-03 2.479338331530019351e-03 3.298957814216545246e-03
2.806105624797368501e-03 2.894237406693209516e-03 2.850938966339291482e-03 2.411055011745390740e-03 2.927615484587469709e-03 2.290387326851806103e-03 2.810931993225070785e-03 2.696531024509400860e-03 2.889632843991166503e-03 3.373971553473523871e-03
3.001312683192339410e-03 2.502419841027022415e-03 2.800730901244368604e-03 2.458082813554469774e-03 2.554161132961228937e-03 2.468354269513937937e-03 2.747628134529129813e-03 3.201852783935414670e-03 2.942821879649506860e-03 2.771601441311229586e-03
2.964728143294583472e-03 2.377228451398853519e-03 3.153846990705639567e-03 2.696254928021720593e-03 3.068955311990801630e-03 2.871845317657632443e-03 3.041724466962556286e-03 2.578336723384549826e-03 2.587207367521453596e-03 3.044650082779984564e-03
2.738641064910273329e-03 2.574094039249834581e-03 2.837564712762275735e-03 2.455954941785429800e-03 3.622898851553805165e-03 2.568769467775128788e-03 2.723858271668348850e-03 2.561432667870252363e-03 2.620614722463981278e-03 2.543224907181586107e-03
2.787273773395854571e-03 2.724278035594294121e-03 2.136875900492221907e-03 2.139077206285245909e-03 3.013401133361730700e-03 2.275878273670129803e-03 2.460324253217826326e-03 2.638105892768537880e-03 2.529226722898568567e-03 2.585532751828812509e-03
4.334623514954578233e-03 3.275328396441610102e-03 2.132966451513989854e-03 2.122611473231263146e-03 2.410094925756917517e-03 2.636684133207829999e-03 3.347428770025853359e-03 2.345023410042092627e-03 3.029798237773524174e-03 3.152885940411779934e-03
