1.598430463094084911e-05 4.940460121835841309e-05 4.435325972291917008e-05 2.882434269493910073e-05 6.256185140981900298e-05 1.735751845452274179e-05 3.234033301070988082e-05 2.530917189936385115e-05 9.735860845821482775e-05 2.456297328427600504e-05
1.926864421668150146e-05 5.106754014318275566e-05 4.158163224244734772e-05 2.590273882135837486e-05 6.350108028632561632e-05 2.577293984444595129e-05 3.117613974291238570e-05 2.750709768906999119e-05 9.482566084249592002e-05 2.344186383694496994e-05
2.980237731667902712e-05 5.159663014254550978e-05 4.173697829536386172e-05 2.862966867007797674e-05 6.330374138143728005e-05 3.566202081740361935e-05 3.433785458646582210e-05 2.691653102163652864e-05 9.308304252587742164e-05 3.107587245698350615e-05
4.072007281554548006e-05 5.641016179604697541e-05 4.252040735551931763e-05 3.576115331960607376e-05 6.590486205581313800e-05 4.421557468783814587e-05 3.548823127459371747e-05 3.417570131896574158e-05 9.082494371001145913e-05 4.430207793914045614e-05
5.280672405916791724e-05 6.712359488214259754e-05 4.455413605605759524e-05 5.239397476897334768e-05 7.874682934463392390e-05 6.143303495114685493e-05 3.456790185464932614e-05 4.462327239345580311e-05 8.920143879787091113e-05 5.976210321704641579e-05
6.816977232233941385e-05 8.127170499916630628e-05 5.252626067035036795e-05 6.557667870701108098e-05 7.996689865195883654e-05 8.557992119286981657e-05 5.386722467936235235e-05 5.807704767810974427e-05 9.496686366669726705e-05 7.635675586604451779e-05
9.645898460562708223e-05 8.290953434663348440e-05 5.861398583713055326e-05 7.925684474947360689e-05 9.891280793801482136e-05 1.088501372988915110e-04 9.136213989053468645e-05 7.828860195941407074e-05 9.154081790553452727e-05 1.044068918098950318e-04
1.185872320233767976e-04 1.010948722233588376e-04 9.116033258528311338e-05 9.081332133922653523e-05 1.211119668294095142e-04 1.173313327100959972e-04 1.271759567398429908e-04 1.034861472891330706e-04 1.175656928078242425e-04 1.483050392879934557e-04
1.353500536902220376e-04 1.480555081571036536e-04 1.334039109869826912e-04 1.197750940395085319e-04 1.303322328197619080e-04 1.418184757952702243e-04 1.513818409231929972e-04 1.197084054776808773e-04 1.655521663144856920e-04 1.863644702126577169e-04
1.662663276933390270e-04 1.761539594929666520e-04 1.917243996864381847e-04 1.576381408919032983e-04 1.636677137466741668e-04 1.835386420746357454e-04 1.754492671236175712e-04 1.626978370716533704e-04 1.891864315983006787e-04 2.082728483410598767e-04
1.824334331293284302e-04 2.212142131840601537e-04 2.128379071881136744e-04 2.072534942782562259e-04 1.924576743076371159e-04 2.204493734824772885e-04 1.965712024674656571e-04 1.956381330524681718e-04 2.198561283285130894e-04 2.372002279326869043e-04
1.998589369464595145e-04 2.708630523772793106e-04 2.215224412405588858e-04 2.498139662919519324e-04 2.335576467524496237e-04 2.713099328093302267e-04 2.239147676384790387e-04 2.369822105187192396e-04 2.704238047696755375e-04 2.833766929927723842e-04
2.741145907063028807e-04 3.131069621738330738e-04 2.662700624478898329e-04 3.081153922503039881e-04 2.882297436009688667e-04 2.936356351333149089e-04 2.382396043138067124e-04 2.983023670190897798e-04 3.003028283994918653e-04 3.502416513858041787e-04
3.469342320364195609e-04 3.786021172981259833e-04 3.687751637268333661e-04 3.659075328458291513e-04 3.254754474372577463e-04 3.366328934635036602e-04 3.153919871134616519e-04 3.491309157775329209e-04 3.624351484509115927e-04 3.918981684231445791e-04
3.795826046292877167e-04 4.103381365963214939e-04 4.708886053420364070e-04 4.375872752232922054e-04 3.902944429631919113e-04 4.100494339032748048e-04 4.041661878379590195e-04 4.325455051830855765e-04 4.096300428338427212e-04 4.433864912531191704e-04
4.579440004068778243e-04 4.493489500526441616e-04 5.978877175295105968e-04 4.813255835376294080e-04 4.362036295803439377e-04 5.116051941060462778e-04 4.604585038584178402e-04 5.461177647720178926e-04 4.959904306254822939e-04 5.034854532315107207e-04
6.269301636437709952e-04 5.132443887832292915e-04 6.183938219148525433e-04 4.476094430647840970e-04 4.917310589436248549e-04 6.059556372235368844e-04 5.529535059988968789e-04 6.143038079558808730e-04 5.995710090080482368e-04 5.282440093286869991e-04
7.583178606864177497e-04 5.501836571650639985e-04 6.338171062601398540e-04 5.313483132654823029e-04 5.506791018831170594e-04 6.289467826029877503e-04 6.440435130383964472e-04 5.988810890196621939e-04 7.117294798186285434e-04 5.287981381240634306e-04
8.056380415680578205e-04 6.302935363567089156e-04 7.061641700746263762e-04 6.258461919945039519e-04 7.251144229467645355e-04 7.444395841764980338e-04 7.020300623308119246e-04 6.263754622005358527e-04 7.708407883514040810e-04 6.759487209256012262e-04
9.175460552270487237e-04 7.506810144261546114e-04 7.920015599254754193e-04 7.517575014889445878e-04 8.205047204176898080e-04 8.488745498301938572e-04 7.697715557692441429e-04 6.731361110109601500e-04 7.856962712595586592e-04 7.807353636471971647e-04
1.024178520860302959e-03 8.487925874775616207e-04 8.117529898273185282e-04 8.488105190645472845e-04 8.722238795182325364e-04 9.373595308262728252e-04 8.009603836605923115e-04 8.029343005348433702e-04 9.242711708087777674e-04 8.163287536986095537e-04
1.060404622340139526e-03 1.006656459127806390e-03 9.316093057619958184e-04 9.105042029266765700e-04 8.863703629556198092e-04 1.026608989639651295e-03 7.894518693715529790e-04 9.481227022556023296e-04 1.067909172348523823e-03 9.708432634746894281e-04
1.054372305226146909e-03 1.009999901916423630e-03 1.068306499411158465e-03 1.108930096581464990e-03 1.038587114088478135e-03 1.153995517357484868e-03 8.714669442096938242e-04 9.460898611678776778e-04 1.054787978310597419e-03 1.011475367798185532e-03
1.074621717952601229e-03 1.196328228237137064e-03 1.143672901812026839e-03 1.239689098570112124e-03 1.096303282824153281e-03 1.109720325495313449e-03 1.001934968149563020e-03 1.071736568458815176e-03 1.113828586771683192e-03 1.130046261158244771e-03
1.180315686872680618e-03 1.400312750283255574e-03 1.233822147927568936e-03 1.198051003612480431e-03 1.139137805846417075e-03 1.150968801660622693e-03 1.044415321797607585e-03 1.317015811406083104e-03 1.260184142284346111e-03 1.142582689115676691e-03
1.381481271305865302e-03 1.550694822396852038e-03 1.313071553676735609e-03 1.241087622206302849e-03 1.094650543793758033e-03 1.381631406916080393e-03 1.201754340723678628e-03 1.299756142195448777e-03 1.354550308239717326e-03 1.279314407184782565e-03
1.571379328227428878e-03 1.614761203501298209e-03 1.436751570920505100e-03 1.412917174581941647e-03 1.249120098162288459e-03 1.542897679617357505e-03 1.409374730449498110e-03 1.312738559187994229e-03 1.520546487655692744e-03 1.381672869121992062e-03
1.712058978864733436e-03 1.625479397869283513e-03 1.667112741189937008e-03 1.686174724660998879e-03 1.526448827411781796e-03 1.560325286399367756e-03 1.539389408054919013e-03 1.385769991400381731e-03 1.736442761061054389e-03 1.459913824752230886e-03
1.768435871371348183e-03 1.667013444070439450e-03 1.684552714776477340e-03 1.850925723537748821e-03 1.618135316849110680e-03 1.607282154548392121e-03 1.742286520724733740e-03 1.509911403017119742e-03 1.911968554356485196e-03 1.530624301271546733e-03
1.808087119177297260e-03 1.735879467686193443e-03 1.659936856460307282e-03 1.984761784083552243e-03 1.870167269212951681e-03 1.765858929087651139e-03 1.914732830702395696e-03 1.708821465076500005e-03 2.009715057980542702e-03 1.684234091850765440e-03
2.010532205007092236e-03 1.982491463059211922e-03 1.728533606369096623e-03 2.028279383120915220e-03 2.042345987508911546e-03 1.871537936643813882e-03 1.876571856433174000e-03 1.805497075704129688e-03 1.969514944099766580e-03 1.896693178904135940e-03
2.353427067007436008e-03 2.108637234716063871e-03 1.941741937572663253e-03 2.044772678529599083e-03 2.117171110906415719e-03 2.063829294718816289e-03 2.115569371476562922e-03 2.015013049310767669e-03 1.919092698945835951e-03 1.916403598463937812e-03
2.301700775896813218e-03 2.053148806121668415e-03 2.089992165642939621e-03 2.066135586518266874e-03 2.012553496340623808e-03 2.074157932549482598e-03 2.255382007077959966e-03 2.180977512676131758e-03 2.034101064893635135e-03 2.030396106942865871e-03
2.076907080124983269e-03 2.210881123647418303e-03 2.113185121567410282e-03 2.136868692716192234e-03 2.150317759891169633e-03 2.194426287661311627e-03 2.153799348907175365e-03 2.089962286252886308e-03 2.189068316131546031e-03 2.213817434680728780e-03
2.067216739844530016e-03 2.301097336967365681e-03 2.202324967817872580e-03 2.234834082569683075e-03 2.327708566917479054e-03 2.059763456887605919e-03 2.169679150673124463e-03 2.265850802787634788e-03 2.355523374845307997e-03 2.382232497580787089e-03
2.231242070850234568e-03 2.425489218068452909e-03 2.296171293585442044e-03 2.149762249607095783e-03 2.210445091808401711e-03 2.074177081990771776e-03 2.113671024329901501e-03 2.593760936987597829e-03 2.479468010951590192e-03 2.473832254599069719e-03
2.220816559832153314e-03 2.682135205832852053e-03 2.294609071590541626e-03 2.119005171385804180e-03 2.363061116752254200e-03 2.373841239367317432e-03 2.433280997951243248e-03 2.649997906509434214e-03 2.325886689899868236e-03 2.515926807364697159e-03
2.312648056028739421e-03 2.698438328809753348e-03 2.331043590118040462e-03 2.192830302760657036e-03 2.663688849778958131e-03 2.507215364741908255e-03 2.466312913367717848e-03 2.592753011785317238e-03 2.557248453040382365e-03 2.551041657544237361e-03
2.377225788400361660e-03 2.635367392315522955e-03 2.417674440068389580e-03 2.371205137263753242e-03 2.451650813250416758e-03 2.665212497392136295e-03 2.533716548354688573e-03 2.460125489651476989e-03 2.704390105080983070e-03 2.555123784573488498e-03
2.346503948232672287e-03 2.887124616859270722e-03 2.445180036153093463e-03 2.374892970884221952e-03 2.504265040253903819e-03 2.673841447829769947e-03 2.616031499745342763e-03 2.639327985921819351e-03 2.759440933110297520e-03 2.681646646887175973e-03
2.531166099714543538e-03 2.848386369139846788e-03 2.670761852874495648e-03 2.298359440598104261e-03 2.753179486093366209e-03 2.717878623993103242e-03 2.596995602015372395e-03 2.751332391335517807e-03 2.681454162304461753e-03 2.695452597765507323e-03
2.712223761099546385e-03 2.912571751860550898e-03 2.720090776141367850e-03 2.698462448593178225e-03 2.921653459308926146e-03 2.650242103951258327e-03 2.825981097748425219e-03 2.607173732156145996e-03 2.702684162508180426e-03 2.738263829628089646e-03
2.848905753292411622e-03 2.894995071784176293e-03 2.764729781610704169e-03 2.795262407473842609e-03 3.100503835254204456e-03 2.634569377336786183e-03 3.077655256720477663e-03 2.586851661250062339e-03 2.697716755711012174e-03 2.957869481519426885e-03
2.911056577524452713e-03 3.159044460386924071e-03 2.945836947824129800e-03 2.962336643386459002e-03 3.140304391315392428e-03 2.812078412773979467e-03 3.205353292394181978e-03 2.658989320946276991e-03 2.715251515875171696e-03 2.862420808418982433e-03
2.997270364872127967e-03 3.311158901039341906e-03 2.841154985959153112e-03 3.293529064985402811e-03 3.037983363909958767e-03 2.640065692033223728e-03 3.374918773111814773e-03 2.692109864101014955e-03 2.790778853065441906e-03 2.951044740399713651e-03
2.966850461459395912e-03 3.362717497665570088e-03 2.825006227811228347e-03 3.449551398919320673e-03 2.926495428016125892e-03 2.746459645404277471e-03 3.399382394890993440e-03 2.976559429392228086e-03 2.782585442354724211e-03 3.174171405139178653e-03
3.319843485224480226e-03 3.354966373553531448e-03 3.169138472894671935e-03 3.368010588359720593e-03 3.185069168094826261e-03 3.028410812071421869e-03 3.277135482430912523e-03 3.089474534237401319e-03 2.940244545791764925e-03 3.235214910869981149e-03
3.477675421981286669e-03 3.169714032666847217e-03 3.053679182337985971e-03 3.323101444766204948e-03 3.155988990064070854e-03 2.947921183077288187e-03 3.171227467742375201e-03 3.113873407991781927e-03 3.011545846693569877e-03 3.057927767313130783e-03
