          1.0000000   1.95579114873138e-09   2.86380519230915e-09
          1.0000000   1.95579114873138e-09   2.86380519230915e-09
          1.0408439   2.1343014936123e-09   3.06707692383718e-09
          1.0833560   2.3284134954783e-09   3.28403987079384e-09
          1.1276045   2.54057282992122e-09   3.51682546524051e-09
          1.1736603   2.77031097487991e-09   3.76419008829611e-09
          1.2215972   3.02149914820657e-09   4.02968420932787e-09
          1.2714920   3.29355658600342e-09   4.31183034456286e-09
          1.3234247   3.58998026484633e-09   4.61354245460048e-09
          1.3774786   3.91189015995237e-09   4.93504776139479e-09
          1.4337402   4.26110796730956e-09   5.27725221391311e-09
          1.4922997   4.64129981699492e-09   5.64285258878068e-09
          1.5532511   5.0515364251646e-09   6.02974469355235e-09
          1.6166919   5.49897087035092e-09   6.44389021324624e-09
          1.6827240   5.98020548976793e-09   6.8805975595511e-09
          1.7514530   6.50321889318638e-09   7.34630533065883e-09
          1.8229892   7.06749476035248e-09   7.83901298460897e-09
          1.8974472   7.67716799665399e-09   8.36111014525251e-09
          1.9749464   8.33674760823756e-09   8.91513386422095e-09
          2.0556109   9.04429087797096e-09   9.49761548167355e-09
          2.1395701   9.81286990519058e-09   1.01185289326354e-08
          2.2269585   1.06297836053553e-08   1.0764745322385e-08
          2.3179162   1.15148387497587e-08   1.14517372395864e-08
          2.4125890   1.24592036749913e-08   1.21698295460722e-08
          2.5111285   1.34732126325892e-08   1.29257801481898e-08
          2.6136929   1.45592441419696e-08   1.37193804465277e-08
          2.7204463   1.5714175829235e-08   1.45459750161689e-08
          2.8315600   1.69570520573818e-08   1.54186092572364e-08
          2.9472119   1.82629336657614e-08   1.63153809863402e-08
          3.0675876   1.96678889794518e-08   1.72621978000525e-08
          3.1928799   2.11441893048704e-08   1.82354983129439e-08
          3.3232896   2.27166487653224e-08   1.92518621998727e-08
          3.4590257   2.43797547114289e-08   2.03048165430554e-08
          3.6003059   2.61325072041957e-08   2.13914890574207e-08
          3.7473565   2.79962833915758e-08   2.2524770025534e-08
          3.9004132   2.99401672952856e-08   2.36808214690159e-08
          4.0597213   3.20126854968756e-08   2.48908711028768e-08
          4.2255362   3.41734791952261e-08   2.61252249839134e-08
          4.3981236   3.64557960076202e-08   2.74040112294721e-08
          4.5777602   3.88615667957521e-08   2.87259819783202e-08
          4.7647338   4.1389039928232e-08   3.00876537449177e-08
          4.9593442   4.40604629094067e-08   3.15005342536032e-08
          5.1619032   4.68697783254419e-08   3.2958219305366e-08
          5.3727355   4.98321288654416e-08   3.44673167246989e-08
          5.5921791   5.29698126014817e-08   3.60381238756086e-08
          5.8205855   5.62527950624794e-08   3.76502914779862e-08
          6.0583210   5.97561673520164e-08   3.93438975496498e-08
          6.3057666   6.34278382853025e-08   4.10861029627962e-08
          6.5633187   6.73157674970133e-08   4.29005090052825e-08
          6.8313903   7.1444837872695e-08   4.47967786415733e-08
          7.1104110   7.57482775527699e-08   4.67361435607882e-08
          7.4008280   8.03772052067998e-08   4.87940298594157e-08
          7.7031068   8.51640091770597e-08   5.08805218692039e-08
          8.0177318   9.02901292819297e-08   5.30841018798312e-08
          8.3452074   9.56158661826172e-08   5.53317190070381e-08
          8.6860583   1.01199318887167e-07   5.76494786731501e-08
          9.0408309   1.07072203163924e-07   6.00494144373461e-08
          9.4100938   1.13091911686664e-07   6.24632302611525e-08
          9.7944388   1.19329894388194e-07   6.49236920034739e-08
          10.194482   1.25747753483513e-07   6.74131299443915e-08
          10.610865   1.32107106146793e-07   6.98292681390068e-08
          11.044254   1.38643389163294e-07   7.22781529862989e-08
          11.495344   1.45005743272624e-07   7.46152225133959e-08
          11.964859   1.51406155354401e-07   7.69362063839518e-08
          12.453551   1.57742198842589e-07   7.92047852372907e-08
          12.962202   1.6396642461613e-07   8.1409446658144e-08
          13.491630   1.70361975306152e-07   8.3667142276726e-08
          14.042680   1.76927031149745e-07   8.59792480597004e-08
          14.616238   1.83836163798873e-07   8.84126795368443e-08
          15.213223   1.91424094211581e-07   9.10877385977777e-08
          15.834590   1.9968068927642e-07   9.39933362666285e-08
          16.481337   2.08538103777742e-07   9.70992906772132e-08
          17.154499   2.18388833488357e-07   1.00535299675298e-07
          17.855156   2.28619495887019e-07   1.04084220577969e-07
          18.584431   2.39100401664215e-07   1.07704761664716e-07
          19.343491   2.49870120873949e-07   1.11413720195088e-07
          20.133555   2.5997634378265e-07   1.14914115743446e-07
          20.955888   2.69579571235141e-07   1.18277796371183e-07
          21.811809   2.79228676669739e-07   1.21690756446641e-07
          22.702688   2.88204469703552e-07   1.24947970554201e-07
          23.629955   2.9743230328766e-07   1.28342321011718e-07
          24.595095   3.07728862230869e-07   1.32114498993453e-07
          25.599655   3.17674936978056e-07   1.35859073908155e-07
          26.645245   3.28642418683673e-07   1.39972186771489e-07
          27.733541   3.39898306995848e-07   1.44251910699485e-07
          28.866287   3.50730378509099e-07   1.48518448253273e-07
          30.045299   3.62276073043691e-07   1.53088118411466e-07
          31.272467   3.74058152247462e-07   1.5784319933045e-07
          32.549757   3.87143175865309e-07   1.63062186705876e-07
          33.879216   4.00651584219432e-07   1.68526955059917e-07
          35.262976   4.1539453924054e-07   1.74443756671992e-07
          36.703254   4.29638550856756e-07   1.80405482137331e-07
          38.202358   4.43148194269066e-07   1.8638432567372e-07
          39.762692   4.54588462027043e-07   1.92108537994844e-07
          41.386756   4.65412207100514e-07   1.97949272564677e-07
          43.077153   4.76405103312773e-07   2.0410730002168e-07
          44.836592   4.87433346920391e-07   2.10574709770669e-07
          46.667894   4.99314290395145e-07   2.17546042638208e-07
          48.573993   5.14083833191836e-07   2.25453577552933e-07
          50.557945   5.29690613026613e-07   2.33877120700529e-07
          52.622929   5.46896682856343e-07   2.42986053993678e-07
          54.772256   5.64096301998791e-07   2.52482497567935e-07
          57.009369   5.80293941889849e-07   2.62210879367219e-07
          59.337855   5.93487176343361e-07   2.71845275573112e-07
          61.761445   6.0700775340246e-07   2.82061308312914e-07
          64.284024   6.21143066174437e-07   2.92944420283656e-07
          66.909635   6.35605787909698e-07   3.04477784304044e-07
          69.642486   6.53463088885163e-07   3.17226287491896e-07
          72.486957   6.74118920542768e-07   3.31100164561308e-07
          75.447608   6.94422915690467e-07   3.45600513071625e-07
          78.529184   7.14595692362471e-07   3.60817709122247e-07
          81.736623   7.3649654480411e-07   3.77101608642804e-07
          85.075066   7.56425269100765e-07   3.9391877590261e-07
          88.549865   7.76228591956959e-07   4.11629179176019e-07
          92.166588   7.98209000934216e-07   4.3064135803647e-07
          95.931032   8.21319598503504e-07   4.5085060222198e-07
          99.849230   8.46287858233561e-07   4.7242337653832e-07
          103.92746   8.7469769349327e-07   4.9564281597862e-07
          108.17227   9.04078008352975e-07   5.20221003475497e-07
          112.59045   9.30605516522145e-07   5.45719957570834e-07
          117.18908   9.58428937393321e-07   5.72803199379097e-07
          121.97554   9.88778656612232e-07   6.01716759954153e-07
          126.95750   1.02141478474244e-06   6.32512903601148e-07
          132.14294   1.0560708186676e-06   6.65249863912698e-07
          137.54017   1.09253096179736e-06   7.00001728105932e-07
          143.15785   1.12992966731708e-06   7.36774343058914e-07
          149.00498   1.16824509701903e-06   7.75688355428952e-07
          155.09093   1.20798448621976e-06   8.16933610595006e-07
          161.42545   1.25048317777802e-06   8.60797106911512e-07
          168.01869   1.29521121687684e-06   9.07356622269153e-07
          174.88123   1.34215180480922e-06   9.56760313968754e-07
          182.02407   1.39024984061943e-06   1.00905635815793e-06
          189.45864   1.43982702258053e-06   1.06445592366859e-06
          197.19687   1.49260535810317e-06   1.12332233322325e-06
          205.25117   1.54717652510801e-06   1.18570343222414e-06
          213.63443   1.60433121286532e-06   1.25188718375458e-06
          222.36009   1.66263330743288e-06   1.32195481921107e-06
          231.44215   1.72371095916642e-06   1.39630231808104e-06
          240.89515   1.78722942574977e-06   1.47514708053176e-06
          250.73425   1.85269882522035e-06   1.55871137415187e-06
          260.97522   1.92073768521455e-06   1.64733682961844e-06
          271.63447   1.99031410874208e-06   1.74123525022881e-06
          282.72908   2.06304464958357e-06   1.84087121143649e-06
          294.27684   2.13721687619454e-06   1.94644027449118e-06
          306.29626   2.21402171498915e-06   2.05840970760856e-06
          318.80660   2.29280099444544e-06   2.17711328094115e-06
          331.82791   2.37345286756077e-06   2.30295724697786e-06
          345.38106   2.45664529093093e-06   2.436434629894e-06
          359.48777   2.54130457987005e-06   2.57792970046865e-06
          374.17066   2.628502184225e-06   2.72802207710208e-06
          389.45325   2.71698542165197e-06   2.88714655758919e-06
          405.36005   2.80752218979146e-06   3.05592307608041e-06
          421.91654   2.89974587464741e-06   3.23492263401185e-06
          439.14926   2.99300834982024e-06   3.42473616393192e-06
          457.08583   3.08822458695107e-06   3.62610245706079e-06
          475.75501   3.18441213131852e-06   3.83967275429314e-06
          495.18670   3.28187890534089e-06   4.06623075020606e-06
          515.41206   3.38036980437299e-06   4.3065702393617e-06
          536.46351   3.47948799611818e-06   4.56152826268828e-06
          558.37478   3.57961161617375e-06   4.83204289159796e-06
          581.18099   3.67935036307312e-06   5.11900217184636e-06
          604.91869   3.78006579353334e-06   5.42352109187522e-06
          629.62594   3.88051612590076e-06   5.74662313374455e-06
          655.34232   3.98054304497903e-06   6.0894652382541e-06
          682.10907   4.08096747388145e-06   6.45333101959269e-06
          709.96907   4.17956825346894e-06   6.83941219118109e-06
          738.96698   4.27845376039344e-06   7.24921962166665e-06
          769.14929   4.37495552253142e-06   7.68409394445709e-06
          800.56435   4.47109441434387e-06   8.14571525870999e-06
          833.26253   4.56508920742257e-06   8.63566347936778e-06
          867.29623   4.65680703198285e-06   9.15570845156378e-06
          902.72000   4.74803733027784e-06   9.70782132998198e-06
          939.59062   4.83429332122491e-06   1.02937883847636e-05
          977.96718   4.92027442067455e-06   1.09159568942445e-05
          1017.9112   5.00148326375164e-06   1.15763741278776e-05
          1059.4867   5.08108053238979e-06   1.22775793680896e-05
          1102.7602   5.15639410462344e-06   1.30219934140925e-05
          1147.8013   5.22789014482366e-06   1.3812343538267e-05
          1194.6820   5.29751389220119e-06   1.46515732007938e-05
          1243.4775   5.3601161227221e-06   1.55425119263691e-05
          1294.2659   5.42167694173207e-06   1.64886343931841e-05
          1347.1288   5.47630783596216e-06   1.74931369568992e-05
          1402.1508   5.52844753981405e-06   1.8559834444934e-05
          1459.4202   5.57496967020803e-06   1.96924737619479e-05
          1519.0286   5.61667851633857e-06   2.08951862930079e-05
          1581.0717   5.6552505828681e-06   2.21723942855903e-05
          1645.6488   5.68626999363228e-06   2.35285603220291e-05
          1712.8635   5.71571913141063e-06   2.49688118597135e-05
          1782.8236   5.73698032326801e-06   2.64981338313945e-05
          1855.6411   5.75571407531302e-06   2.81222543468352e-05
          1931.4327   5.76848101786607e-06   2.98469337754854e-05
          2010.3200   5.77637039522391e-06   3.16784541679923e-05
          2092.4293   5.78060895273379e-06   3.36234747756069e-05
          2177.8923   5.77806786820561e-06   3.56889359627423e-05
          2266.8460   5.7739793228828e-06   3.78824695641843e-05
          2359.4328   5.76177977336347e-06   4.02118013313822e-05
          2455.8013   5.7478132100151e-06   4.26855486290147e-05
          2556.1058   5.72828288740386e-06   4.53125355324001e-05
          2660.5072   5.70497475977072e-06   4.81023117517849e-05
          2769.1727   5.6782182991653e-06   5.10649611199246e-05