5.924486550161723138e-05 1.414354929416300436e-05 1.317530211271988644e-04 2.666467740689054105e-05 3.157201706662384583e-05 1.139939144015423634e-04 1.044588196875821277e-04 4.666619865063884292e-05 6.983294310980368238e-06 1.119548850793894640e-04
5.903121732570242828e-05 1.640007368435839123e-05 1.290121014662536840e-04 3.318815789698567603e-05 3.487976329436644278e-05 1.175736326151101792e-04 1.063442466349735224e-04 5.219410313350585399e-05 8.185396601280737496e-06 1.135357802211539770e-04
5.689715355205558626e-05 2.798468663243459367e-05 1.235827363011514617e-04 3.932830622216249559e-05 4.422527163714427367e-05 1.228446114777114470e-04 1.154261964718118446e-04 6.643562400597016976e-05 1.351989283686570641e-05 1.154086831780052599e-04
5.389142296207691192e-05 4.319646321415754672e-05 1.200558710491044829e-04 4.396302894842853967e-05 5.157237539227205674e-05 1.309526433926490969e-04 1.227942189954507786e-04 7.762753774615720800e-05 2.149941605209918050e-05 1.177404798940428332e-04
6.827655599146389585e-05 5.522740277547983696e-05 1.179186517227336328e-04 6.893182664845669868e-05 6.770953946541809524e-05 1.471754253544957521e-04 1.283253308518811180e-04 8.453209443824923639e-05 4.400862957077584516e-05 1.261105130575054941e-04
7.276429761113320321e-05 6.935419997801754428e-05 1.103768134972388254e-04 6.954512079783927337e-05 9.553591564926402428e-05 1.657078129067151857e-04 1.266022228356202819e-04 8.325448967989239162e-05 5.372954460799467420e-05 1.284842793109634894e-04
8.086494157027358950e-05 7.825043533378737450e-05 1.222569639031147182e-04 8.970016306484390690e-05 1.215948199184016076e-04 1.684728517867628908e-04 1.197368393645654625e-04 9.271841075132396086e-05 5.740466429949810161e-05 1.344395050494900815e-04
9.177042025793166920e-05 9.246553823132718636e-05 1.326140550157817806e-04 1.030582026506228602e-04 1.308815851298748736e-04 1.666323527064274322e-04 1.104374469481800584e-04 9.249484179400635335e-05 5.461606292970662548e-05 1.527814038951974789e-04
1.044166069975026334e-04 9.214678750154693210e-05 1.382906296978746326e-04 1.080847312255090343e-04 1.269644341365767308e-04 1.639818708919045997e-04 1.112812301557373037e-04 9.164786177879549918e-05 6.329704620863179732e-05 1.777214632084175470e-04
1.091155864474023735e-04 1.015523305122259924e-04 1.492819365137095953e-04 1.169596992028514634e-04 1.099642478884332565e-04 1.597754196944505738e-04 1.070621748437377944e-04 9.435918754247149770e-05 8.188234256811393079e-05 2.053045470930128856e-04
1.026110057286161600e-04 1.145493487675441593e-04 1.627099320909139229e-04 1.285222012709116943e-04 1.045798370024609143e-04 1.769076135003479005e-04 1.060571005352391009e-04 1.009532470613320933e-04 1.052422068418021019e-04 2.267697314010689788e-04
1.053686321363881003e-04 1.249922758345657582e-04 1.727504968173360750e-04 1.304000578190102930e-04 1.224846199561328592e-04 1.993058954206096650e-04 1.139570520344986243e-04 1.221611391835221005e-04 1.315380223617178376e-04 2.351901349462391091e-04
1.157643022815725873e-04 1.492945630820281724e-04 1.743873590624588521e-04 1.331792847411564684e-04 1.482962977816918739e-04 2.215801772356254301e-04 1.351927204165157383e-04 1.420917329570315268e-04 1.462166878657580979e-04 2.311822863541727381e-04
1.207789483421165206e-04 1.718455989849388842e-04 1.676435355190466223e-04 1.541304579957382208e-04 1.685402009381949389e-04 2.386922163192030941e-04 1.425909049511706961e-04 1.517451497039025725e-04 1.497922526866543613e-04 2.267407824071979096e-04
1.272623468923218630e-04 1.870514902851629546e-04 1.572252153617951695e-04 1.691737719982929844e-04 1.788678347538276187e-04 2.583963148500384400e-04 1.445186659231109531e-04 1.595143662904622943e-04 1.667835156135414113e-04 2.152338040479020206e-04
1.600247043404838434e-04 2.021839084627834735e-04 1.449831980548491907e-04 1.766122829226662611e-04 2.130485393299017807e-04 2.902405439344989905e-04 1.591494283240739124e-04 1.625280088744879227e-04 1.931498231113066698e-04 2.102356627951263411e-04
1.941784053979769440e-04 2.195656089446600665e-04 1.441524630587702677e-04 1.803960548051346724e-04 2.417224165561005812e-04 3.080728511011411163e-04 1.659473629887356968e-04 1.698815525520706220e-04 2.150644505517203080e-04 2.125686366762321363e-04
2.200285718656011665e-04 2.403476639666544653e-04 1.458551569965163921e-04 1.924759230841345504e-04 2.576503571106160363e-04 3.082176067798614435e-04 1.608393503032812515e-04 1.653750785106305814e-04 2.444982568925275438e-04 2.159407603614207948e-04
2.331904360291041616e-04 2.477880841580573472e-04 1.656653829334720212e-04 2.042782859510130968e-04 2.538149247727626459e-04 3.076944312122402436e-04 1.828270280833344484e-04 1.596933415467983617e-04 2.830497236505781066e-04 2.382081509946261247e-04
2.592837781627113690e-04 2.479656952819403134e-04 2.073300826454948945e-04 1.988784169288524339e-04 2.546520246739902957e-04 2.960758992225069218e-04 2.082263273326769905e-04 1.891596288466066735e-04 3.072757140674041930e-04 2.556402836998233571e-04
2.922683641942840928e-04 2.466035338023424674e-04 2.508225157220114743e-04 2.039379433486302861e-04 2.642648459607487206e-04 3.002289087602606592e-04 2.578208321699460384e-04 1.970123352800112369e-04 2.981243131745706207e-04 2.622107239120028506e-04
3.018186472358462200e-04 2.439955319250607178e-04 2.693067877835411726e-04 2.157261106957464205e-04 2.622064988139226381e-04 3.138709747881813822e-04 2.957462094409363251e-04 2.026921657433369459e-04 2.865654397987319022e-04 2.683620295679053783e-04
3.137518952603407670e-04 2.799912565998528531e-04 2.842455675958567899e-04 2.360199864794474366e-04 2.619323185131068252e-04 3.224392975083492218e-04 3.155439774686628115e-04 2.332158695432023574e-04 2.981729605460388443e-04 2.727274047275409842e-04
3.377087887447325449e-04 3.145518543231482942e-04 2.930591287302413924e-04 2.749159325669740350e-04 2.797196181447051235e-04 3.316092305269640705e-04 3.198620734348711072e-04 2.609830014087314806e-04 3.360113375542453980e-04 2.903446263570847938e-04
3.517716705893046973e-04 3.332340435198882832e-04 3.132642468253853812e-04 3.184364723411888518e-04 2.977238676899426916e-04 3.349452102402249816e-04 3.046830998272768531e-04 2.972455200489364951e-04 3.315826202616598754e-04 3.095080536447672361e-04
3.545927091654425519e-04 3.600878375643488060e-04 3.509372538893803899e-04 3.201439213775574217e-04 2.970996165571404080e-04 3.438631193660645290e-04 3.086355863926962023e-04 3.345648822715631301e-04 3.302082815071494802e-04 3.563115492863135883e-04
3.374079786165880648e-04 3.749737850437751202e-04 3.878204374038866399e-04 3.293153819345119582e-04 3.264689745464262024e-04 3.786030513693628449e-04 3.393350019728839494e-04 3.911483102328412232e-04 3.273122295472146912e-04 4.001283518660085810e-04
3.380523629616672679e-04 3.886148446962379944e-04 4.033697464274199206e-04 4.005912703736311449e-04 3.862195182627117004e-04 4.127898759524280996e-04 3.970144001026990228e-04 4.258205370159645598e-04 3.506465857608509875e-04 4.038721234499573947e-04
3.851487003916488454e-04 4.185436140503797243e-04 3.987568596394052887e-04 4.858489322028591633e-04 4.201104201147892172e-04 4.502839675061723985e-04 4.588149524371254668e-04 4.382042904316622617e-04 4.158395278126165713e-04 4.071602660688241433e-04
4.411302236457992809e-04 4.382652278269292168e-04 4.080650093216628437e-04 5.445975030136932698e-04 4.349156428988768951e-04 4.881354469980984218e-04 4.864393662651276791e-04 4.633886596268859521e-04 4.832269400702405215e-04 4.571531963574444832e-04
4.824949445591441492e-04 4.709298503200608677e-04 4.518701561893996793e-04 5.883508779993490770e-04 4.435652549462379348e-04 5.235461403439396538e-04 5.346591848180517505e-04 5.199304260299741475e-04 5.210506955330520586e-04 5.069449901810620931e-04
5.125272780656443296e-04 4.951320665522267444e-04 4.943869675459253024e-04 6.185541561693982688e-04 4.922826706227883403e-04 5.638569504201077984e-04 5.754960889303076645e-04 6.206872771450453862e-04 5.625701965268380730e-04 5.555135834096768975e-04
5.333350602846029546e-04 5.422861085127696299e-04 5.339442622632414610e-04 6.319863427814984610e-04 5.886445841507212135e-04 6.100741077962172111e-04 5.790882425792774754e-04 6.986238326862063324e-04 6.266115508023896007e-04 5.975725445670403233e-04
5.348358474234270014e-04 6.018429186502749929e-04 6.149457208566592916e-04 6.954562028549348936e-04 6.353002623104084126e-04 6.370294006658453389e-04 6.147232852230202944e-04 7.111021794349420798e-04 6.598027707121178467e-04 6.544105460637735351e-04
5.768642337908045986e-04 6.373579881473678214e-04 7.295256955990210568e-04 7.726324565790763975e-04 6.614030699844792270e-04 6.564550327293114645e-04 6.798255172105968375e-04 7.063270820303112294e-04 6.610263429559961722e-04 7.475951961115571021e-04
6.367493537254906690e-04 6.882588910190145072e-04 8.398148670322362966e-04 8.131732239516940375e-04 7.165009356300412312e-04 7.138768440467166410e-04 7.892000892607861466e-04 7.473040298026478300e-04 7.291905100949040361e-04 7.893965077085038622e-04
6.953045884156670983e-04 7.435953447657247563e-04 8.729704235244069906e-04 8.512482719325928501e-04 7.854897400502610901e-04 7.895287214115863459e-04 8.868845740678519586e-04 8.516176814244204047e-04 8.237163742200793483e-04 8.046935813821609346e-04
7.706577885525282921e-04 7.958736112310015780e-04 8.791540228892869751e-04 8.802236334200589903e-04 8.091824747416919003e-04 8.442943294302136760e-04 9.272767519457557599e-04 9.582889566096607992e-04 8.869827346445241685e-04 8.374569110399614474e-04
8.360757411921342867e-04 9.127438576161515287e-04 9.118979711768003841e-04 9.056263389437790553e-04 8.473281863367752766e-04 9.407514895979098273e-04 9.718117299149590374e-04 1.031476995188985611e-03 9.438980668080926761e-04 8.894102968091076571e-04
8.702119720263292932e-04 1.024744781360623948e-03 9.518918369301903638e-04 9.546991933840050324e-04 9.501214511478604493e-04 1.023716330565911919e-03 1.059264522453069171e-03 1.085993104051452291e-03 9.829029558477925341e-04 9.772034102826924248e-04
9.298765902500522301e-04 1.102123886254237307e-03 1.031314812854072652e-03 9.994112633916803906e-04 9.897767546124631652e-04 1.070275979941872312e-03 1.121153203727656006e-03 1.158587112399729049e-03 1.046329426406631714e-03 1.061075421863576923e-03
1.029416259580129105e-03 1.180963450700792377e-03 1.133760388244415065e-03 1.035731024922959551e-03 1.009912061836668127e-03 1.107289841958303874e-03 1.147464524828331134e-03 1.213908484459991525e-03 1.154909308093481687e-03 1.100586385518710674e-03
1.133012100867450541e-03 1.235202294532681362e-03 1.223589011035895692e-03 1.053507896153923172e-03 1.087070442502607133e-03 1.142903928156143107e-03 1.161427942636741699e-03 1.201151006268270536e-03 1.201716712541212690e-03 1.087499850043576778e-03
1.201403595340937332e-03 1.247090374464004470e-03 1.294818061651410420e-03 1.090735919247156054e-03 1.167914238614314437e-03 1.190013120060100932e-03 1.132699051772250581e-03 1.146621173557884872e-03 1.190654676562894441e-03 1.058868052544276357e-03
1.242717250736626077e-03 1.243292390706821505e-03 1.278884921189795765e-03 1.188036911562561065e-03 1.207140715462228951e-03 1.310556206686735049e-03 1.083352684079630064e-03 1.150881036382021393e-03 1.212008159137226712e-03 1.067810917032364307e-03
1.317920170511072695e-03 1.291668256399941582e-03 1.261753107303403365e-03 1.258401462378792076e-03 1.196381987774570955e-03 1.386421562343260593e-03 1.091614832529235303e-03 1.245708697812409303e-03 1.225145192336661321e-03 1.091305258448612217e-03
1.408636716671919295e-03 1.364653251008447494e-03 1.320912190767587532e-03 1.264784778580881541e-03 1.253492982180665506e-03 1.397723084513715491e-03 1.170206071643529241e-03 1.355319360449549993e-03 1.282819165190635840e-03 1.115925372334103686e-03
1.414046186005284709e-03 1.410175768286877750e-03 1.357455533392755995e-03 1.277738495960962888e-03 1.399326931420056316e-03 1.383066267904112159e-03 1.244735629260745359e-03 1.455152061199004769e-03 1.382790937927957150e-03 1.202413954022322562e-03
