1.086248840370174543e-04 1.767582470484554546e-04 1.261532606395781675e-04 1.709806700096081172e-04 1.201709109809479675e-04 1.159052950515347138e-04 8.062198444442555424e-05 1.466825849307578039e-04 2.196295636912171242e-04 2.515202094404780670e-04
1.089980212054362537e-04 1.784499867713708440e-04 1.253304496219857691e-04 1.723049292624550394e-04 1.220524136762210889e-04 1.163037025244833173e-04 8.015005826170635552e-05 1.477213948401708303e-04 2.196787633722987294e-04 2.525795066369432361e-04
1.111106381093730924e-04 1.824995906503497855e-04 1.240950742010377941e-04 1.745068237474063590e-04 1.281727651877683373e-04 1.177713547328426767e-04 7.991862962564392906e-05 1.504051445846631379e-04 2.194197074118128246e-04 2.544233526285888587e-04
1.157303135370440974e-04 1.893491594193055349e-04 1.244351933887741484e-04 1.785813209034136273e-04 1.400961684357354198e-04 1.198388543664500780e-04 8.213825041290660246e-05 1.560816969306821358e-04 2.200817188221095380e-04 2.578427786847041622e-04
1.164673360872262676e-04 1.959752056810701098e-04 1.239008178083226381e-04 1.824707102743661029e-04 1.517476987849122134e-04 1.206639523590704910e-04 7.901989050252696640e-05 1.616341367779232884e-04 2.201359814617270404e-04 2.618164160243483278e-04
1.156300823094916496e-04 2.046160447955310479e-04 1.270351428692537328e-04 1.916042872438562003e-04 1.635884083277334348e-04 1.244176783590339420e-04 8.077055182812876576e-05 1.667044662413093086e-04 2.239456330061713766e-04 2.699211223966868135e-04
1.154873938511794944e-04 2.133951318663991875e-04 1.289206106287408009e-04 1.984022605559439831e-04 1.733528175516966597e-04 1.288133970094584857e-04 8.386068108987426446e-05 1.706316601197117140e-04 2.284340839415009553e-04 2.774915964787337454e-04
1.200855635344581248e-04 2.246136611868703630e-04 1.302950282512573162e-04 2.032678544593237479e-04 1.862593550686791638e-04 1.386833939643570006e-04 9.411610266732473344e-05 1.751539688422970738e-04 2.352076360603980361e-04 2.826439187426223014e-04
1.279974566970961303e-04 2.369573612719773825e-04 1.330598000228688490e-04 2.140073197019723059e-04 2.029550245555698958e-04 1.484517673990938611e-04 1.072541627685022085e-04 1.795208731250255024e-04 2.465471530086627157e-04 2.875203858106778238e-04
1.393052208593013831e-04 2.499596131361234803e-04 1.436833442025966276e-04 2.261643915051518366e-04 2.247147798508718306e-04 1.606682975253873166e-04 1.272951646658405402e-04 1.878582701972917625e-04 2.610369766269156496e-04 2.949442532287900424e-04
1.551723020838029297e-04 2.618821477416904205e-04 1.598486521573682880e-04 2.384284418346964624e-04 2.475925890708619514e-04 1.800393586510982155e-04 1.466126295836635350e-04 1.936170165022891860e-04 2.750481115206483609e-04 3.096493610196441411e-04
1.717748197467953996e-04 2.618519316220834165e-04 1.731472539447936475e-04 2.534078537635384718e-04 2.729563488549399783e-04 2.036967403820247411e-04 1.656660164654947349e-04 2.020911239674884016e-04 2.846757128586629624e-04 3.234995541335249146e-04
1.813073741850922984e-04 2.672906868408412521e-04 1.778868494181294862e-04 2.761840100624400954e-04 2.932717086673028504e-04 2.204580431257913587e-04 1.814870607403454305e-04 2.145247561423659598e-04 2.972710471869106225e-04 3.266637537376078501e-04
1.860495291357225226e-04 2.795861420402623808e-04 1.809745753643891408e-04 2.995502137054457449e-04 3.116700037098121909e-04 2.313673361660215154e-04 1.854174335654736744e-04 2.248594234648592846e-04 3.100663849684302440e-04 3.356220182815703693e-04
1.970032257014039479e-04 2.883391088046677276e-04 2.040064776686660532e-04 3.259883304828979211e-04 3.351691045471242290e-04 2.459994621778130029e-04 1.850207372856565590e-04 2.375560283426789122e-04 3.286277131985536641e-04 3.535620506989891427e-04
2.106446482522173250e-04 2.864116383089254430e-04 2.304517269864203154e-04 3.569347606655732218e-04 3.606645463332031390e-04 2.544675336815202288e-04 1.911771126790138815e-04 2.475187949479816388e-04 3.540623325525964486e-04 3.654366346180070325e-04
2.347923895984432125e-04 2.877135853946038188e-04 2.506216734151796559e-04 3.886583662077447432e-04 3.820881281779531604e-04 2.517590324711933229e-04 2.088724294015952292e-04 2.512459260995329280e-04 3.626764664267686090e-04 3.758290105279307909e-04
2.611201631346385496e-04 2.865608719662025784e-04 2.616507992179643144e-04 4.139258490983756950e-04 3.858226115835222897e-04 2.509968377820764266e-04 2.231123532308287567e-04 2.574986746308841360e-04 3.598695289620815673e-04 3.928006511345285721e-04
2.989552207976261676e-04 3.194581815748056500e-04 2.776230148428383382e-04 4.273210983999383003e-04 3.890046060637603531e-04 2.599834430484868758e-04 2.313961770912987160e-04 2.769700510341453607e-04 3.528620121568764277e-04 4.100266571859104213e-04
3.307362097919275767e-04 3.640102271229704481e-04 2.889873843306771904e-04 4.253161425065073186e-04 4.004513772624351234e-04 2.650153691175188408e-04 2.305589058097657468e-04 3.032205813940702980e-04 3.598982542195260613e-04 4.212117813195524621e-04
3.640720561527960699e-04 3.852807600143231203e-04 2.908991811433749930e-04 4.359556806294993987e-04 4.140570896881188667e-04 2.603640399236891540e-04 2.515430491778252917e-04 3.417059407387246944e-04 3.765269347881276211e-04 4.407510879709038588e-04
3.853718553111225666e-04 4.233478829139184331e-04 2.965345070119551423e-04 4.572025443594615103e-04 4.023296797200594157e-04 2.615898234987287406e-04 2.894489653210221571e-04 3.716257812441699899e-04 3.842460748949301356e-04 4.571466635653561629e-04
3.894718748477262295e-04 4.830214912247993717e-04 2.983361162185812110e-04 4.630912583682703565e-04 3.862135543654262823e-04 2.797222657902236412e-04 3.197487652496676315e-04 3.822186758886113333e-04 3.871022478714295531e-04 4.799656841875846831e-04
3.988467521602508678e-04 5.599876113786016792e-04 3.205905503163850099e-04 4.784470619708649716e-04 4.020449683940616648e-04 2.905210433912649927e-04 3.249440130861299693e-04 3.874194476474928706e-04 3.936505785492746775e-04 4.948255496885022421e-04
4.156682755935995417e-04 6.236919968078250866e-04 3.595574901424565019e-04 5.105498118729702266e-04 4.177423936197223464e-04 3.009126370610834870e-04 3.368822293526706354e-04 3.914323550387836261e-04 4.267711868049996345e-04 4.822263090287710386e-04
4.362047374822753212e-04 6.675353472977879924e-04 3.832983304986704387e-04 5.513426576490269458e-04 4.381177455922475759e-04 3.132792535700443227e-04 3.598661549337154068e-04 4.091140586317876574e-04 4.397872477114219813e-04 4.709236626007351208e-04
4.759238285500521932e-04 6.867990993518725221e-04 3.809473078486421641e-04 5.727685171384848959e-04 4.754658737539510299e-04 3.487622468179656619e-04 4.037482780355387086e-04 4.549803263659654056e-04 4.216818413463796944e-04 5.032203284687980288e-04
5.280522382794435856e-04 7.190282680131439329e-04 3.758781190451140528e-04 5.659088703985181833e-04 5.007607727031169282e-04 3.830941376919821126e-04 4.270073056339488944e-04 5.170679306528327534e-04 4.241399031215020883e-04 5.291822395038037283e-04
5.867538675275031472e-04 7.364423722702322398e-04 3.740805314344716206e-04 5.765245930862108103e-04 5.368418408974745147e-04 4.009737962834984465e-04 4.371249012826485545e-04 5.195301032318325142e-04 4.867185055732270254e-04 5.411927600099163474e-04
6.581979230062047926e-04 7.209732582884314112e-04 4.036722722690949585e-04 5.833751824806069231e-04 5.958276119134885748e-04 4.148884919678979817e-04 4.520757867012146678e-04 5.288526365005789256e-04 5.594209877925032095e-04 5.838171459097794141e-04
6.995699042206902224e-04 6.851756283815172831e-04 4.665778017360966488e-04 5.674674141658317232e-04 6.731481456622405565e-04 4.386579263688433544e-04 4.847912074884243782e-04 6.316438609588352409e-04 5.943156554359136506e-04 6.259987590508512591e-04
7.188018611045132473e-04 6.837446070340484801e-04 5.168436074911893089e-04 5.452099358757272335e-04 7.242845929086277456e-04 4.782852578398251258e-04 4.890670980687553040e-04 7.682980495573321373e-04 5.861644173838398593e-04 6.647854311480858600e-04
7.513384907404074527e-04 7.290653497315672605e-04 5.170329288701848219e-04 5.233912171922569133e-04 7.536275947766631284e-04 5.101965735929482907e-04 5.246692945118076965e-04 8.895173710850295002e-04 6.021929414967414464e-04 7.082824259894334720e-04
7.554805460424777238e-04 7.564728389967086998e-04 5.377318328476116821e-04 4.957044719987307047e-04 7.731673790043481478e-04 5.806795977672015840e-04 6.567308295468497325e-04 9.441067367082693704e-04 6.435946087262959777e-04 7.917131520701443329e-04
6.355876853128894022e-04 8.340437595854179173e-04 6.078504544212841873e-04 5.366569529857756265e-04 8.135599116040175818e-04 6.760350091367219386e-04 8.303035653353361707e-04 9.022111278919214307e-04 7.162356929323904654e-04 8.485288028625473638e-04
5.630236031217507363e-04 8.978750590460330555e-04 6.889123606084891077e-04 6.220542175398752508e-04 8.589786344348669883e-04 7.778156269322389306e-04 9.869196007576902865e-04 8.184401430357439791e-04 7.645513481902916275e-04 8.577987331034882907e-04
6.192181492824852919e-04 9.914065348497758112e-04 7.504838190904232313e-04 7.335261201863869625e-04 9.243320115859838398e-04 8.329399331380282073e-04 1.073839510483557379e-03 7.648328652449817942e-04 7.686315149797628065e-04 9.000933042064613752e-04
7.624224222363165616e-04 1.189680134549046201e-03 7.849075050584749125e-04 8.911634123842472393e-04 1.026326821059240710e-03 9.634639098611201633e-04 1.028285479762913084e-03 8.735137289822748506e-04 8.488739490528565820e-04 1.001672352532603262e-03
9.362188154190771499e-04 1.413190795359519931e-03 9.278506646776404302e-04 9.469797925709982260e-04 1.056961996765512935e-03 1.104621185990852569e-03 1.043419133117694892e-03 1.114509330605419199e-03 1.006304240465914724e-03 1.147849001681331771e-03
1.179028791594857739e-03 1.575795076206136297e-03 1.207940879266900620e-03 1.057490153872418619e-03 1.225445953387300883e-03 1.250945702404229016e-03 1.244629413624075663e-03 1.242546876656848215e-03 1.227949196214398343e-03 1.347856205677028067e-03
1.601813285071332967e-03 1.834376505602719389e-03 1.731331268026679209e-03 1.522377996596262001e-03 1.792332798689063016e-03 1.518936634551222142e-03 1.682550390975422932e-03 1.488070097198441544e-03 1.741984905064466538e-03 1.677297006240256478e-03
2.643543916982314234e-03 2.999875645706341631e-03 3.003397099766442167e-03 2.674696848016270331e-03 2.871611773266885461e-03 2.297897118277851623e-03 2.799450990091378443e-03 2.266751651954002078e-03 2.742141965042804806e-03 2.530509125490298505e-03
nan nan nan nan nan nan nan nan nan nan
nan nan nan nan nan nan nan nan nan nan
nan nan nan nan nan nan nan nan nan nan
nan nan nan nan nan nan nan nan nan nan
nan nan nan nan nan nan nan nan nan nan
nan nan nan nan nan nan nan nan nan nan
